	Adipose	Adrenal gland	Arteries	Bladder	Brain	Breast	FemaleReproductive	Fibroblasts	Lymphocytes	ColonSigmoid	ColonTransverse	Esophagus	EsophagusMucosa	Heart	Kidney	Liver	Lung	SalivaryGland	MuscleSkeletal	NerveTibial	Pancreas	Pituitary	Prostate	Skin	SmallIntestine	Spleen	Stomach	Testis	Thyroid	Whole blood	DeconvolutionTool
SRR13990980	4.71	0.01	0.21	0.01	0.01	0.0	13.19	0.01	33.49	0.0	0.0	0.16	0.01	0.0	0.02	0.0	0.05	0.0	0.0	0.01	0.0	0.0	0.0	0.06	0.0	0.0	0.01	0.09	0.0	47.95	BayesPrism
SRR13990981	3.51	0.0	0.04	0.0	2.5	0.0	11.99	0.01	33.95	0.0	0.0	0.05	0.01	0.0	1.07	0.0	0.01	0.0	0.0	0.0	0.0	0.0	0.0	0.04	0.0	0.0	0.01	0.01	0.0	46.79	BayesPrism
SRR13990884	0.0	0.0	10.62	0.0	0.0	0.0	0.0	0.0	23.81	0.01	0.0	0.0	0.0	0.0	0.0	0.11	13.05	0.0	0.0	2.86	0.0	0.0	0.0	0.05	0.01	1.78	0.0	1.73	0.0	45.93	BayesPrism
SRR13990885	0.01	0.0	2.03	0.01	0.0	0.02	16.78	0.0	31.72	0.0	0.01	0.0	0.0	0.0	0.01	0.06	5.22	0.0	0.0	1.23	0.0	0.0	0.0	0.01	0.0	5.9	0.0	0.6	0.0	36.37	BayesPrism
SRR13990883	0.01	0.0	1.21	0.0	5.12	0.17	14.04	0.02	38.9	0.0	0.01	0.03	0.0	0.03	0.72	0.07	5.03	0.0	0.01	0.01	0.0	0.0	0.01	0.09	0.0	1.79	0.02	0.88	0.0	31.82	BayesPrism
SRR13990805	0.0	0.0	5.15	0.0	0.0	0.0	0.43	0.0	34.17	0.01	0.0	0.0	0.0	0.0	0.0	1.08	6.24	0.0	0.0	3.95	0.0	0.0	0.0	0.07	0.0	0.68	0.0	1.54	7.17	39.48	BayesPrism
SRR13991098	0.01	0.0	9.99	0.01	4.08	0.01	0.0	0.01	28.36	0.29	0.0	0.0	0.0	0.0	0.0	0.23	14.03	0.0	0.01	1.56	0.0	0.0	0.0	0.02	0.02	0.12	0.0	1.21	0.5	39.52	BayesPrism
SRR13990882	0.01	0.0	4.63	0.0	0.0	0.07	9.27	0.02	30.33	0.0	0.01	0.01	0.0	0.01	0.0	0.61	8.12	0.0	0.01	2.78	0.0	0.0	0.01	0.17	0.0	1.11	0.0	1.13	1.84	39.85	BayesPrism
SRR13991103	0.0	0.0	9.39	0.0	0.0	0.01	0.02	0.0	27.81	0.23	0.0	0.0	0.0	0.0	0.0	0.11	12.98	0.0	0.0	3.24	0.0	0.0	0.0	0.12	0.0	0.14	0.0	1.6	0.03	44.29	BayesPrism
SRR13991105	0.01	0.0	5.01	0.0	0.0	0.01	1.66	0.01	34.55	0.01	0.0	0.0	0.0	0.0	0.0	1.11	6.22	0.0	0.01	3.94	0.0	0.0	0.0	0.06	0.0	0.31	0.0	1.64	6.45	38.98	BayesPrism
SRR13991097	0.0	0.0	9.79	0.0	3.11	0.0	0.01	0.0	27.23	1.09	0.0	0.0	0.0	0.0	0.0	0.24	14.15	0.01	0.02	1.23	0.0	0.0	0.0	0.02	0.03	0.14	0.0	1.4	0.83	40.69	BayesPrism
SRR13991099	0.83	0.0	7.68	0.0	0.0	0.01	0.0	0.0	20.8	0.0	0.0	0.0	0.0	0.0	0.0	0.22	10.83	0.0	0.02	3.46	0.0	0.0	0.0	0.26	0.0	0.0	0.0	1.26	1.35	53.24	BayesPrism
SRR13990973	7.12	0.0	5.26	0.01	0.0	0.01	1.84	0.0	21.85	0.0	0.0	0.02	0.0	0.0	0.01	0.05	5.97	0.0	0.0	1.71	0.0	0.02	0.0	0.01	0.0	0.05	0.0	0.24	0.0	55.79	BayesPrism
SRR13991006	1.02	0.0	0.68	0.0	0.0	0.0	19.14	0.0	29.07	0.0	0.0	0.0	0.0	0.0	0.0	0.09	2.83	0.0	0.0	0.2	0.0	0.0	0.0	0.15	0.0	0.47	0.0	0.31	0.0	46.01	BayesPrism
SRR13991101	0.05	0.0	7.49	0.01	0.0	0.0	0.02	0.01	21.54	0.0	0.0	0.0	0.0	0.0	0.0	0.1	14.88	0.0	0.0	4.05	0.0	0.0	0.0	0.06	0.0	0.01	0.0	1.32	0.25	50.18	BayesPrism
SRR13991005	7.52	0.0	2.42	0.0	0.0	0.0	8.12	0.0	17.85	0.0	0.0	0.0	0.0	0.0	0.0	0.05	7.09	0.0	0.0	1.13	0.0	0.01	0.0	0.0	0.0	0.0	0.0	0.29	0.0	55.48	BayesPrism
SRR13991007	0.52	0.0	0.2	0.0	0.0	0.0	21.41	0.0	28.68	0.0	0.0	0.0	0.0	0.0	0.0	0.12	1.88	0.0	0.01	0.01	0.0	0.0	0.0	0.12	0.0	0.66	0.0	0.24	0.0	46.11	BayesPrism
SRR13990808	7.03	0.0	6.87	0.01	0.0	0.0	0.02	0.0	16.49	0.0	0.0	0.0	0.0	0.0	0.0	0.08	9.83	0.0	0.0	2.63	0.0	0.0	0.0	0.01	0.01	0.02	0.0	1.03	0.0	55.93	BayesPrism
SRR13990971	0.79	0.0	5.82	0.0	0.0	0.01	6.52	0.0	24.33	0.0	0.01	0.0	0.0	0.0	0.0	0.46	11.35	0.0	0.0	3.78	0.0	0.1	0.0	0.22	0.01	0.34	0.0	1.48	0.0	44.77	BayesPrism
SRR13991102	0.35	0.0	7.63	0.0	0.0	0.01	0.14	0.0	22.23	0.0	0.0	0.0	0.0	0.0	0.0	0.14	14.76	0.0	0.0	2.71	0.0	0.0	0.0	0.07	0.0	0.03	0.0	0.88	0.0	51.01	BayesPrism
SRR13990809	6.83	0.03	6.03	0.0	1.86	0.01	0.01	0.0	20.21	0.0	0.0	0.0	0.0	0.0	0.0	0.12	8.68	0.0	0.02	2.06	0.0	0.0	0.01	0.0	0.0	0.02	0.0	0.77	0.0	53.33	BayesPrism
SRR13991008	7.86	0.0	3.61	0.0	0.0	0.0	3.6	0.0	17.9	0.0	0.0	0.0	0.0	0.0	0.0	0.04	3.54	0.0	0.0	0.89	0.0	0.0	0.0	0.04	0.0	0.71	0.0	0.06	0.0	61.71	BayesPrism
SRR13991104	0.01	0.0	8.58	0.0	0.87	0.01	0.01	0.0	29.39	0.67	0.0	0.0	0.0	0.0	0.0	0.12	12.35	0.0	0.0	1.8	0.0	0.0	0.0	0.06	0.0	0.01	0.0	1.49	0.03	44.57	BayesPrism
SRR13990972	0.69	0.0	5.2	0.0	0.0	0.13	7.6	0.0	26.73	0.0	0.0	0.0	0.0	0.0	0.0	0.48	11.41	0.0	0.01	2.55	0.0	0.03	0.0	0.25	0.0	0.02	0.0	1.47	0.0	43.4	BayesPrism
SRR13990983	2.8	0.0	3.98	0.01	3.43	0.01	11.71	0.0	25.87	0.0	0.01	0.0	0.0	0.0	0.01	0.1	5.01	0.0	0.02	0.1	0.0	0.0	0.0	0.11	0.0	0.01	0.0	0.74	0.0	46.07	BayesPrism
SRR13990675	0.0	0.0	2.97	0.01	0.0	0.02	18.17	0.0	28.59	0.01	0.0	0.0	0.01	0.0	0.0	0.15	6.69	0.01	0.0	0.55	0.0	0.0	0.0	0.12	0.0	0.45	0.0	0.95	0.01	41.27	BayesPrism
SRR13990806	0.44	0.0	5.86	0.0	0.0	0.01	4.56	0.0	22.47	0.02	0.01	0.0	0.0	0.0	0.0	0.09	11.28	0.0	0.04	2.46	0.0	0.0	0.0	0.14	0.01	0.09	0.0	0.96	0.23	51.31	BayesPrism
SRR13990974	8.05	0.0	4.53	0.06	0.04	0.01	3.15	0.01	22.96	0.02	0.01	0.18	0.02	0.0	0.0	0.06	3.9	0.0	0.0	1.0	0.0	0.01	0.02	0.03	0.0	0.2	0.0	0.35	0.0	55.37	BayesPrism
SRR13990880	0.01	0.0	6.05	0.01	5.24	1.07	3.71	0.26	29.15	0.03	0.28	0.01	0.01	0.06	0.01	0.76	9.38	0.01	0.02	0.5	0.0	0.0	0.02	0.28	0.0	0.01	0.0	3.14	1.29	38.68	BayesPrism
SRR13990978	0.0	0.0	15.54	0.0	2.23	0.0	0.0	0.0	12.88	0.01	0.0	0.0	0.0	0.0	0.0	0.12	17.27	0.0	0.02	0.0	0.0	0.0	0.0	0.0	0.0	0.0	0.0	1.71	0.0	50.2	BayesPrism
SRR13990807	0.84	0.0	5.28	0.0	0.0	0.0	5.28	0.01	23.52	0.0	0.0	0.0	0.0	0.0	0.0	0.13	11.13	0.0	0.03	2.55	0.0	0.0	0.0	0.15	0.0	0.0	0.0	1.06	0.09	49.89	BayesPrism
SRR13991095	0.01	0.0	2.1	0.0	0.0	0.2	20.33	0.04	29.76	0.0	0.0	0.0	0.02	0.01	0.0	0.16	5.26	0.01	0.02	0.93	0.0	0.01	0.0	0.11	0.0	0.05	0.01	1.1	0.01	39.83	BayesPrism
SRR13990976	0.02	0.0	2.96	0.01	0.0	0.38	13.2	0.02	34.22	0.01	0.02	0.0	0.0	0.01	0.0	0.46	6.88	0.0	0.03	1.62	0.0	0.01	0.0	0.1	0.0	0.59	0.0	0.98	0.01	38.44	BayesPrism
SRR13991009	7.25	0.0	2.94	0.0	0.0	0.0	7.07	0.0	17.88	0.0	0.0	0.02	0.0	0.0	0.0	0.05	2.51	0.0	0.0	0.11	0.0	0.0	0.0	0.03	0.0	0.12	0.0	0.15	0.0	61.84	BayesPrism
SRR13990979	0.0	0.0	13.23	0.0	8.39	0.0	0.0	0.0	15.23	0.49	0.0	0.0	0.0	0.0	0.0	0.14	14.41	0.0	0.03	0.01	0.0	0.0	0.0	0.0	0.0	0.0	0.0	1.2	0.0	46.85	BayesPrism
SRR13990977	0.28	0.0	3.08	0.0	0.0	0.02	13.19	0.01	32.68	0.01	0.0	0.0	0.0	0.0	0.0	0.37	7.96	0.01	0.03	1.91	0.0	0.0	0.0	0.12	0.01	0.75	0.0	0.71	0.01	38.86	BayesPrism
SRR13991100	0.95	0.0	8.39	0.0	0.0	0.0	0.01	0.0	19.23	0.01	0.0	0.0	0.0	0.0	0.0	0.2	11.01	0.0	0.01	3.16	0.0	0.0	0.0	0.3	0.0	0.01	0.0	1.09	0.56	55.06	BayesPrism
SRR13990810	1.8	0.0	6.19	0.01	0.0	0.0	7.45	0.06	21.48	0.0	0.0	0.01	0.0	0.0	0.0	0.35	9.83	0.0	0.0	3.49	0.0	0.0	0.0	0.01	0.0	0.01	0.0	0.55	0.01	48.71	BayesPrism
SRR13990982	2.81	0.0	4.9	0.01	2.52	0.0	10.91	0.0	24.41	0.01	0.0	0.0	0.0	0.0	0.0	0.07	5.46	0.0	0.0	0.22	0.0	0.0	0.0	0.04	0.03	0.02	0.01	0.76	0.0	47.79	BayesPrism
SRR13991004	4.72	0.0	1.87	0.0	0.0	0.0	12.26	0.0	22.87	0.0	0.0	0.0	0.0	0.0	0.0	0.08	5.76	0.0	0.01	0.22	0.0	0.0	0.0	0.0	0.0	0.0	0.0	0.23	0.0	51.95	BayesPrism
SRR13990811	1.28	0.0	5.17	0.0	0.0	0.01	9.07	0.13	24.19	0.01	0.0	0.0	0.0	0.0	0.01	0.45	9.73	0.0	0.0	2.54	0.0	0.01	0.0	0.05	0.0	0.03	0.0	0.87	0.0	46.42	BayesPrism
SRR13991039	0.0	0.03	0.0	0.0	0.38	1.15	21.85	0.05	31.54	0.0	0.01	0.03	0.13	0.08	0.13	1.07	3.12	0.03	0.04	0.33	0.0	0.0	0.02	0.13	0.05	0.49	0.02	1.19	0.0	38.11	BayesPrism
SRR13991001	0.5	0.0	0.0	0.0	0.0	0.02	24.68	0.01	30.27	0.0	0.0	0.0	0.09	0.0	0.04	0.29	0.01	0.0	0.0	0.01	0.0	0.0	0.01	0.22	0.0	3.91	0.0	0.29	0.01	39.63	BayesPrism
SRR13990996	0.15	0.0	0.09	0.0	0.0	0.77	21.22	0.15	30.95	0.0	0.0	0.01	0.0	0.0	0.0	0.9	3.79	0.01	0.01	0.28	0.0	0.0	0.0	0.08	0.0	2.05	0.01	0.19	0.0	39.32	BayesPrism
SRR13991000	0.34	0.0	0.0	0.0	0.0	0.0	24.42	0.0	29.58	0.0	0.0	0.0	0.0	0.01	0.0	0.27	0.0	0.01	0.0	0.0	0.0	0.04	0.0	0.22	0.07	6.2	0.02	0.24	0.01	38.54	BayesPrism
SRR13990980	0.0	0.0	1.88	0.0	0.0	0.0	7.52	0.0	60.27	0.0	0.0	0.0	0.04	0.0	0.0	0.0	0.27	0.0	0.0	0.0	0.0	0.0	0.0	0.41	0.0	6.15	0.0	0.02	0.0	23.44	MuSiC
SRR13990981	0.0	0.0	0.13	0.0	0.02	0.0	7.98	0.0	58.86	0.0	0.0	0.0	1.93	0.0	0.0	0.0	0.06	0.0	0.0	0.0	0.0	0.0	0.0	0.0	0.0	6.02	0.0	0.26	0.0	24.73	MuSiC
SRR13990884	0.0	0.0	4.14	0.0	0.0	0.0	12.13	0.0	49.05	0.0	0.0	0.0	0.31	0.0	0.0	0.0	0.16	0.01	0.0	0.0	0.0	0.0	0.0	0.08	0.0	0.0	0.0	0.18	0.0	33.94	MuSiC
SRR13990885	0.0	0.0	2.52	0.0	0.03	0.0	11.52	0.0	66.41	0.0	0.0	0.0	0.79	0.0	0.0	0.0	0.06	0.0	0.0	0.0	0.0	0.01	0.0	0.0	0.0	6.28	0.0	0.0	0.0	12.38	MuSiC
SRR13990883	0.0	0.0	0.09	0.0	1.34	0.0	12.58	0.0	67.86	0.0	0.0	0.0	0.31	0.0	0.0	0.0	1.98	0.0	0.0	0.91	0.0	0.0	0.0	0.23	0.0	0.0	0.0	0.71	0.0	13.99	MuSiC
SRR13990805	0.0	0.0	2.58	0.0	0.0	0.0	16.66	0.0	59.12	0.0	0.0	0.0	0.08	0.0	0.0	0.0	0.04	0.0	0.0	0.0	0.0	0.0	0.0	0.51	0.0	0.0	0.0	0.18	0.0	20.82	MuSiC
SRR13991098	0.0	0.0	2.93	0.0	0.0	0.0	13.36	0.0	63.7	0.0	0.0	0.0	0.84	0.0	0.0	0.0	0.07	0.0	0.0	0.0	0.0	0.0	0.0	0.22	0.0	0.0	0.0	0.0	0.0	18.88	MuSiC
SRR13990882	0.0	0.0	1.54	0.0	0.0	0.0	14.08	0.0	55.06	0.0	0.0	0.0	0.28	0.0	0.0	0.0	0.41	0.0	0.0	0.03	0.01	0.0	0.0	0.41	0.0	0.0	0.0	0.0	0.0	28.18	MuSiC
SRR13991103	0.0	0.0	4.51	0.0	0.0	0.0	10.25	0.0	60.43	0.0	0.0	0.0	0.72	0.0	0.0	0.0	0.0	0.0	0.0	0.0	0.0	0.0	0.0	0.16	0.0	0.0	0.0	0.0	0.0	23.93	MuSiC
SRR13991105	0.0	0.0	3.1	0.0	0.0	0.0	12.8	0.0	62.07	0.0	0.0	0.0	0.1	0.0	0.0	0.01	0.21	0.0	0.0	0.0	0.01	0.02	0.0	0.51	0.0	0.0	0.0	0.95	0.0	20.22	MuSiC
SRR13991097	0.0	0.0	4.5	0.0	0.0	0.0	12.17	0.0	63.74	0.0	0.0	0.0	0.08	0.0	0.0	0.0	0.0	0.0	0.0	0.0	0.0	0.0	0.0	0.27	0.0	0.0	0.0	0.0	0.0	19.23	MuSiC
SRR13991099	0.0	0.0	5.25	0.0	0.0	0.0	10.82	0.0	53.63	0.0	0.0	0.0	1.38	0.0	0.0	0.0	0.34	0.0	0.0	0.0	0.0	0.0	0.0	0.26	0.0	0.0	0.0	0.0	0.0	28.32	MuSiC
SRR13990973	0.0	0.0	4.97	0.0	0.0	0.0	7.64	0.0	50.28	0.0	0.0	0.0	0.38	0.0	0.0	0.0	1.5	0.0	0.0	0.0	0.0	0.0	0.0	0.2	0.0	4.3	0.0	0.0	0.0	30.74	MuSiC
SRR13991006	0.0	0.0	2.17	0.0	0.0	0.0	10.32	0.0	59.42	0.0	0.0	0.0	1.76	0.0	0.0	0.0	0.0	0.0	0.0	0.0	0.03	0.0	0.0	0.76	0.0	1.96	0.0	0.0	0.0	23.56	MuSiC
SRR13991101	0.0	0.0	4.3	0.0	0.0	0.0	9.4	0.0	53.45	0.0	0.0	0.0	1.56	0.0	0.0	0.0	0.49	0.0	0.0	0.0	0.02	0.0	0.0	0.49	0.0	0.02	0.0	0.0	0.0	30.26	MuSiC
SRR13991005	0.0	0.0	1.15	0.0	0.02	0.0	14.83	0.0	51.59	0.0	0.0	0.0	0.98	0.0	0.0	0.0	0.07	0.0	0.0	0.0	0.0	0.0	0.0	0.07	0.0	0.89	0.0	0.0	0.0	30.38	MuSiC
SRR13991007	0.0	0.0	0.51	0.0	0.0	0.0	12.24	0.0	57.71	0.0	0.0	0.0	2.05	0.0	0.0	0.0	0.1	0.0	0.0	0.0	0.0	0.01	0.0	0.58	0.0	1.18	0.0	0.0	0.0	25.62	MuSiC
SRR13990808	0.0	0.0	6.34	0.0	0.0	0.0	7.76	0.0	50.6	0.0	0.0	0.0	0.39	0.0	0.0	0.0	0.8	0.0	0.0	0.0	0.02	0.0	0.0	0.18	0.0	2.95	0.0	0.48	0.0	30.48	MuSiC
SRR13990971	0.0	0.0	5.21	0.0	0.0	0.0	13.77	0.0	59.61	0.0	0.0	0.0	1.22	0.0	0.0	0.0	0.0	0.0	0.0	0.04	0.01	0.0	0.0	0.13	0.0	0.0	0.0	0.0	0.0	20.02	MuSiC
SRR13991102	0.0	0.0	3.04	0.0	0.0	0.0	12.42	0.0	54.08	0.0	0.0	0.0	1.34	0.0	0.0	0.0	0.05	0.0	0.0	0.0	0.02	0.0	0.0	0.23	0.0	0.04	0.0	0.0	0.0	28.78	MuSiC
SRR13990809	0.0	0.0	2.39	0.0	0.0	0.0	10.41	0.0	50.48	0.0	0.0	0.0	0.91	0.0	0.0	0.0	2.69	0.0	0.0	0.0	0.0	0.0	0.0	0.11	0.0	1.11	0.0	0.02	0.0	31.88	MuSiC
SRR13991008	0.0	0.0	4.73	0.0	0.0	0.0	14.14	0.0	43.39	0.0	0.0	0.0	1.78	0.0	0.0	0.0	0.03	0.0	0.0	0.0	0.0	0.0	0.0	0.23	0.0	2.53	0.0	0.0	0.0	33.16	MuSiC
SRR13991104	0.0	0.0	2.11	0.0	0.0	0.0	9.26	0.0	58.7	0.0	0.0	0.0	1.26	0.0	0.0	0.0	0.0	0.0	0.0	0.0	0.0	0.0	0.0	0.16	0.0	0.0	0.0	0.0	0.0	28.51	MuSiC
SRR13990972	0.0	0.0	4.09	0.0	0.0	0.0	10.98	0.0	62.53	0.0	0.0	0.0	1.18	0.0	0.0	0.0	0.0	0.0	0.01	0.0	0.03	0.0	0.0	0.09	0.0	0.04	0.0	0.0	0.0	21.04	MuSiC
SRR13990983	0.0	0.0	0.0	0.0	0.26	0.0	18.37	0.0	50.19	0.0	0.0	0.0	0.05	0.0	0.0	0.0	0.03	0.0	0.0	0.0	0.0	0.0	0.0	0.64	0.0	0.0	0.0	0.0	0.0	30.47	MuSiC
SRR13990675	0.0	0.0	2.13	0.0	0.0	0.0	14.47	0.0	64.8	0.0	0.0	0.0	1.33	0.0	0.0	0.0	0.14	0.0	0.0	0.13	0.0	0.0	0.0	0.31	0.0	2.09	0.0	0.0	0.0	14.6	MuSiC
SRR13990806	0.0	0.0	0.59	0.0	0.0	0.0	17.87	0.0	55.32	0.0	0.0	0.0	1.35	0.0	0.0	0.0	0.38	0.0	0.0	0.0	0.0	0.0	0.0	0.0	0.0	0.33	0.0	0.0	0.0	24.15	MuSiC
SRR13990974	0.0	0.0	4.78	0.0	0.0	0.0	8.74	0.0	53.83	0.0	0.0	0.0	0.6	0.0	0.0	0.0	0.01	0.0	0.0	0.0	0.0	0.0	0.0	0.15	0.0	0.0	0.0	0.0	0.0	31.89	MuSiC
SRR13990880	0.0	0.0	0.04	0.0	0.04	0.0	15.43	0.0	47.28	0.0	0.0	0.0	0.0	0.0	0.0	0.0	0.0	0.0	0.01	0.0	0.01	0.0	0.0	0.44	0.0	0.0	0.0	0.0	0.0	36.75	MuSiC
SRR13990978	0.0	0.0	13.91	0.0	0.0	0.0	3.4	0.0	56.46	0.0	0.0	0.0	1.15	0.0	0.0	0.0	3.55	0.0	0.13	0.0	0.0	0.0	0.0	0.27	0.0	0.13	0.0	0.0	0.0	21.0	MuSiC
SRR13990807	0.0	0.0	0.8	0.0	0.0	0.0	17.82	0.0	53.63	0.0	0.0	0.0	0.01	0.0	0.0	0.0	0.92	0.0	0.0	0.06	0.01	0.0	0.0	0.72	0.0	0.17	0.0	0.0	0.0	25.87	MuSiC
SRR13991095	0.0	0.0	2.73	0.0	0.0	0.0	11.85	0.0	62.67	0.0	0.0	0.0	0.94	0.0	0.0	0.0	0.21	0.0	0.01	0.0	0.52	0.06	0.0	0.41	0.0	0.64	0.0	0.16	0.0	19.8	MuSiC
SRR13990976	0.0	0.0	0.0	0.0	0.03	0.0	10.86	0.0	61.24	0.0	0.0	0.0	1.28	0.0	0.0	0.0	0.0	0.0	0.0	0.0	0.0	0.0	0.0	0.19	0.0	0.0	0.0	0.0	0.0	26.4	MuSiC
SRR13991009	0.0	0.0	4.92	0.0	0.0	0.0	9.76	0.0	47.28	0.0	0.0	0.0	1.31	0.0	0.0	0.0	0.0	0.0	0.0	0.0	0.0	0.0	0.0	0.31	0.0	0.0	0.0	0.0	0.0	36.43	MuSiC
SRR13990979	0.0	0.0	11.34	0.0	0.0	0.0	7.02	0.0	52.48	0.0	0.0	0.0	1.36	0.0	0.0	0.0	3.69	0.0	0.0	0.04	0.0	0.0	0.0	0.2	0.0	0.0	0.0	0.07	0.0	23.8	MuSiC
SRR13990977	0.0	0.0	0.93	0.0	0.03	0.0	14.28	0.0	57.94	0.0	0.0	0.0	1.45	0.0	0.0	0.0	0.09	0.01	0.0	0.12	0.0	0.01	0.0	0.41	0.0	0.0	0.0	0.02	0.0	24.72	MuSiC
SRR13991100	0.0	0.0	4.98	0.0	0.0	0.0	11.06	0.0	53.63	0.0	0.0	0.0	0.32	0.0	0.0	0.0	0.0	0.0	0.0	0.0	0.0	0.0	0.0	0.58	0.0	0.0	0.0	0.0	0.0	29.43	MuSiC
SRR13990810	0.0	0.0	1.84	0.0	0.0	0.0	11.4	0.0	53.23	0.0	0.0	0.0	0.63	0.0	0.0	0.0	0.04	0.0	0.0	0.03	0.04	0.0	0.0	0.4	0.0	0.0	0.0	0.0	0.0	32.38	MuSiC
SRR13990982	0.0	0.0	0.0	0.0	0.39	0.0	13.57	0.0	56.09	0.0	0.0	0.0	0.05	0.0	0.0	0.0	0.11	0.0	0.0	0.44	0.0	0.0	0.0	0.42	0.0	0.0	0.0	0.0	0.0	28.92	MuSiC
SRR13991004	0.0	0.0	0.0	0.0	0.02	0.0	16.08	0.0	53.41	0.0	0.0	0.0	0.72	0.0	0.0	0.0	0.05	0.0	0.0	0.01	0.0	0.0	0.0	0.0	0.0	0.0	0.0	0.0	0.0	29.72	MuSiC
SRR13990811	0.0	0.0	0.55	0.0	0.01	0.0	13.9	0.0	49.18	0.0	0.0	0.0	0.56	0.0	0.0	0.0	0.0	0.0	0.0	0.0	0.32	0.0	0.0	0.52	0.0	0.0	0.0	0.0	0.0	34.96	MuSiC
SRR13991039	0.0	0.0	0.0	0.0	0.08	0.0	13.2	0.0	57.89	0.0	0.0	0.0	0.2	0.0	0.0	0.0	0.03	0.05	0.01	0.25	0.02	0.0	0.0	0.46	0.0	0.0	0.0	0.0	0.0	27.8	MuSiC
SRR13991001	0.0	0.0	0.61	0.0	0.0	0.0	13.12	0.0	56.93	0.0	0.0	0.0	0.43	0.0	0.0	0.0	0.02	0.0	0.0	0.32	0.0	0.02	0.0	0.55	0.0	4.56	0.0	0.0	0.01	23.42	MuSiC
SRR13990996	0.0	0.0	0.46	0.0	0.0	0.0	13.56	0.0	55.73	0.0	0.0	0.0	2.57	0.0	0.0	0.0	0.15	0.0	0.0	0.35	0.03	0.0	0.0	0.21	0.0	0.06	0.0	0.01	0.0	26.88	MuSiC
SRR13991000	0.0	0.0	0.28	0.0	0.0	0.0	17.61	0.0	54.96	0.0	0.0	0.0	1.3	0.0	0.0	0.0	0.04	0.0	0.0	0.03	0.01	0.0	0.0	0.44	0.0	2.33	0.0	0.0	0.0	23.0	MuSiC
SRR13990980	0.0	0.0	0.0	6.28	11.56	1.73	0.0	0.07	25.85	0.0	0.0	0.28	0.06	0.2	25.22	0.02	0.32	0.0	0.06	0.0	0.0	0.0	0.0	0.25	0.0	16.11	0.04	0.45	0.0	11.5	CIBERSORTx
SRR13990981	0.0	0.0	0.0	5.89	11.31	2.06	0.0	0.07	23.32	0.0	0.0	0.71	0.05	0.15	25.45	0.04	0.38	0.0	0.02	0.0	0.0	0.0	0.0	0.2	0.0	17.21	0.04	0.46	0.0	12.63	CIBERSORTx
SRR13990884	0.0	0.12	0.0	3.79	7.34	6.56	0.0	0.0	13.61	0.0	2.13	0.0	0.05	0.17	20.95	0.0	0.27	0.0	0.04	0.0	0.03	0.0	0.0	0.22	0.0	0.0	0.03	1.87	0.0	42.82	CIBERSORTx
SRR13990885	0.0	0.0	0.0	5.21	12.18	3.38	0.0	0.06	30.19	0.0	0.0	0.2	0.06	0.21	27.49	0.0	0.34	0.0	0.06	0.0	0.0	0.0	0.0	0.14	0.0	10.28	0.04	1.17	0.0	8.98	CIBERSORTx
SRR13990883	0.0	0.16	0.0	6.8	14.98	2.88	0.0	0.05	24.94	0.0	0.77	0.27	0.06	0.25	28.49	0.0	0.12	0.0	0.06	0.0	0.0	0.0	0.0	0.23	0.0	6.46	0.04	1.19	0.0	12.25	CIBERSORTx
SRR13990805	0.0	0.02	0.0	1.19	3.3	6.14	0.0	0.0	38.35	0.68	0.0	0.03	0.0	0.04	2.79	1.46	3.46	0.0	0.0	0.19	0.0	0.04	0.0	0.25	0.0	0.62	0.0	0.39	0.37	40.68	CIBERSORTx
SRR13991098	0.0	0.19	0.0	2.58	16.57	5.7	0.0	0.09	16.2	0.0	2.41	0.0	0.04	0.25	33.6	0.01	0.0	0.0	0.07	0.0	0.03	0.0	0.0	0.16	0.0	0.0	0.05	2.13	0.0	19.91	CIBERSORTx
SRR13990882	0.65	0.16	0.33	2.36	7.14	4.07	0.0	0.03	16.83	0.0	2.59	0.0	0.04	0.15	20.51	0.45	0.23	0.0	0.03	0.0	0.02	0.0	0.34	0.31	0.0	0.0	0.03	1.11	0.0	42.61	CIBERSORTx
SRR13991103	0.0	0.12	0.0	0.91	8.99	6.12	0.0	0.0	19.35	0.54	1.43	1.03	0.05	0.18	19.81	0.0	0.26	0.0	0.04	0.09	0.01	0.0	0.0	0.13	0.0	0.0	0.03	1.42	0.0	39.5	CIBERSORTx
SRR13991105	1.13	0.14	0.0	4.78	11.1	3.07	0.0	0.0	24.36	0.0	2.66	0.38	0.05	0.15	16.77	0.9	0.25	0.0	0.05	0.0	0.0	0.0	0.34	0.27	0.0	0.0	0.03	1.36	0.0	32.2	CIBERSORTx
SRR13991097	0.0	0.07	0.0	4.4	17.17	2.6	0.0	0.06	17.09	0.0	2.47	0.0	0.08	0.29	33.41	0.07	0.0	0.0	0.07	0.0	0.04	0.0	0.0	0.12	0.0	0.0	0.05	1.43	0.0	20.59	CIBERSORTx
SRR13991099	0.0	0.03	0.0	1.23	7.72	3.75	0.0	0.0	23.48	0.0	0.0	1.43	0.01	0.09	15.16	0.18	0.08	0.0	0.0	0.0	0.0	0.0	0.0	0.44	0.27	2.21	0.01	0.71	0.0	43.2	CIBERSORTx
SRR13990973	0.09	0.01	0.0	1.42	10.94	0.52	0.0	0.0	33.99	0.0	0.0	0.05	0.01	0.0	1.11	0.05	3.93	0.0	0.02	0.0	0.0	0.0	0.0	0.0	0.0	28.53	0.0	0.03	0.0	19.29	CIBERSORTx
SRR13991006	0.0	0.15	0.0	4.39	12.19	1.69	0.0	0.05	29.59	0.0	0.0	0.87	0.05	0.19	16.5	0.12	0.3	0.0	0.05	0.0	0.0	0.0	0.0	0.67	1.0	13.39	0.04	0.41	0.0	18.36	CIBERSORTx
SRR13991101	0.0	0.1	0.0	4.48	8.14	2.73	0.0	0.01	21.23	0.0	1.51	0.0	0.04	0.12	19.75	0.0	0.49	0.0	0.03	0.0	0.0	0.0	0.21	0.35	0.0	1.4	0.03	1.1	0.0	38.27	CIBERSORTx
SRR13991005	0.0	0.05	0.0	4.99	10.38	3.85	0.0	0.0	22.03	0.0	0.0	1.08	0.04	0.1	19.51	0.0	0.97	0.0	0.08	0.0	0.0	0.0	0.0	0.11	0.0	11.22	0.03	0.39	0.0	25.16	CIBERSORTx
SRR13991007	0.0	0.13	0.0	4.27	10.91	1.79	0.0	0.01	31.12	0.0	0.0	0.36	0.05	0.19	18.8	0.21	0.28	0.0	0.08	0.28	0.0	0.0	0.0	0.61	0.0	11.66	0.04	0.4	0.0	18.8	CIBERSORTx
SRR13990808	0.0	0.0	0.0	4.17	11.08	1.7	0.0	0.04	23.88	0.0	0.0	0.81	0.05	0.09	22.84	0.15	0.3	0.0	0.06	0.0	0.0	0.0	0.0	0.13	0.0	10.61	0.04	0.93	0.0	23.12	CIBERSORTx
SRR13990971	0.45	0.17	0.0	2.35	9.36	2.9	0.0	0.07	23.9	0.26	1.06	0.0	0.05	0.2	24.03	0.25	0.28	0.0	0.04	0.0	0.0	0.0	0.0	0.34	0.0	5.25	0.05	1.2	0.0	27.8	CIBERSORTx
SRR13991102	0.0	0.11	0.0	4.77	8.91	2.64	0.0	0.01	18.88	0.0	1.23	0.0	0.04	0.15	21.08	0.0	0.24	0.0	0.04	0.04	0.0	0.0	0.0	0.2	0.0	0.0	0.03	1.06	0.0	40.57	CIBERSORTx
SRR13990809	0.0	0.0	0.0	6.33	13.43	1.51	0.0	0.07	17.96	0.0	0.0	0.42	0.06	0.19	31.23	0.0	0.33	0.0	0.06	0.0	0.0	0.0	0.0	0.15	0.0	7.54	0.04	0.81	0.0	19.87	CIBERSORTx
SRR13991008	0.0	0.02	0.0	1.49	0.24	3.66	0.0	0.0	31.28	0.21	0.0	0.0	0.0	0.0	0.31	0.15	2.53	0.0	0.02	0.01	0.0	0.0	0.0	0.26	0.63	31.04	0.0	0.06	0.0	28.08	CIBERSORTx
SRR13991104	0.0	0.17	0.0	3.23	13.87	4.5	0.0	0.17	11.43	0.0	3.2	0.54	0.0	0.26	29.01	0.0	0.0	0.0	0.0	0.0	0.04	0.0	0.0	0.16	0.0	0.0	0.05	1.26	0.0	32.12	CIBERSORTx
SRR13990972	0.0	0.11	0.0	5.84	8.21	4.47	0.0	0.2	22.21	0.0	1.05	0.1	0.04	0.15	21.04	0.11	0.24	0.0	0.06	0.0	0.0	0.0	0.0	0.1	0.0	2.47	0.03	1.01	0.0	32.56	CIBERSORTx
SRR13990983	0.0	0.15	0.0	3.02	13.62	2.89	0.0	0.08	13.57	0.0	1.54	0.11	0.0	0.19	27.83	0.0	0.0	0.0	0.0	0.0	0.02	0.0	0.0	0.29	0.0	0.0	0.05	1.88	0.0	34.76	CIBERSORTx
SRR13990675	0.0	0.1	0.0	3.2	5.1	7.22	0.78	0.0	37.6	0.0	0.57	0.28	0.0	0.0	3.79	0.15	1.21	0.02	0.0	0.0	0.0	0.34	0.01	0.48	0.0	9.94	0.0	0.12	0.02	29.08	CIBERSORTx
SRR13990806	0.0	0.13	0.0	4.43	8.94	4.27	0.0	0.06	22.04	0.0	0.0	0.47	0.05	0.19	21.88	0.0	0.27	0.0	0.04	0.0	0.0	0.0	0.0	0.18	0.0	3.22	0.03	0.94	0.0	32.87	CIBERSORTx
SRR13990974	0.0	0.0	0.0	4.43	11.99	2.34	0.0	0.08	22.08	0.0	0.0	1.09	0.06	0.22	29.56	0.15	0.36	0.0	0.0	0.0	0.0	0.0	0.0	0.17	0.0	13.4	0.05	0.5	0.0	13.52	CIBERSORTx
SRR13990880	0.0	0.18	0.06	1.6	15.16	3.97	0.0	0.08	7.06	0.0	6.05	0.0	0.0	0.31	27.21	0.31	0.0	0.0	0.02	0.0	0.04	0.0	0.0	0.21	0.0	0.0	0.05	1.8	0.0	35.89	CIBERSORTx
SRR13990978	0.0	0.15	0.01	3.77	12.48	6.3	0.0	0.0	18.81	0.0	3.19	0.13	0.05	0.21	23.07	0.0	0.31	0.0	0.05	0.0	0.03	0.0	0.24	0.24	0.0	0.0	0.04	1.33	0.0	29.58	CIBERSORTx
SRR13990807	0.0	0.07	0.0	2.02	4.22	4.81	0.0	0.0	30.84	0.0	0.0	0.7	0.01	0.0	5.14	0.14	3.71	0.0	0.0	0.34	0.0	0.0	0.0	0.46	0.0	6.46	0.0	0.2	0.0	40.87	CIBERSORTx
SRR13991095	0.44	0.12	0.0	6.26	7.61	2.11	0.0	0.0	23.93	0.0	1.54	0.0	0.04	0.22	23.41	0.0	0.33	0.0	0.04	0.0	0.0	0.0	0.13	0.42	0.0	0.0	0.04	1.06	0.0	32.29	CIBERSORTx
SRR13990976	0.0	0.12	0.18	2.82	7.38	5.38	0.0	0.0	15.72	0.0	3.32	0.0	0.0	0.14	19.33	0.2	0.24	0.0	0.07	0.0	0.02	0.0	0.0	0.2	0.0	0.0	0.03	1.33	0.0	43.51	CIBERSORTx
SRR13991009	0.0	0.03	0.0	1.59	8.38	1.99	0.0	0.06	25.03	0.0	0.0	1.12	0.05	0.15	21.37	0.15	0.65	0.0	0.05	0.0	0.0	0.0	0.0	0.36	0.0	17.89	0.04	0.41	0.0	20.68	CIBERSORTx
SRR13990979	0.54	0.18	0.0	5.7	15.21	1.27	0.0	0.05	12.96	0.0	3.13	1.43	0.07	0.26	33.52	0.0	0.0	0.0	0.06	0.0	0.04	0.0	0.0	0.06	0.0	0.0	0.05	1.82	0.0	23.65	CIBERSORTx
SRR13990977	0.28	0.09	0.0	0.05	7.03	3.82	0.0	0.0	24.9	0.23	1.14	1.06	0.0	0.0	8.54	0.24	2.85	0.02	0.04	0.0	0.0	0.0	0.15	0.31	0.0	0.0	0.01	0.24	0.0	49.0	CIBERSORTx
SRR13991100	0.0	0.12	0.0	3.38	8.35	2.52	0.0	0.0	16.1	0.0	1.81	0.36	0.04	0.15	20.41	0.0	0.0	0.0	0.04	0.07	0.0	0.0	0.0	0.36	0.0	0.0	0.03	1.31	0.0	44.96	CIBERSORTx
SRR13990810	0.0	0.0	0.0	2.87	8.37	4.27	0.0	0.07	12.1	0.0	1.63	0.34	0.0	0.18	22.26	0.08	0.0	0.0	0.04	0.0	0.0	0.0	0.0	0.19	0.0	0.0	0.04	1.5	0.0	46.06	CIBERSORTx
SRR13990982	0.0	0.16	0.0	4.97	14.25	3.15	0.0	0.14	14.24	0.0	0.85	0.0	0.0	0.21	27.29	0.0	0.0	0.0	0.04	0.0	0.03	0.0	0.0	0.2	0.0	0.0	0.05	1.2	0.0	33.22	CIBERSORTx
SRR13991004	0.0	0.0	0.0	3.82	8.97	4.87	0.0	0.0	21.73	0.0	0.0	0.43	0.05	0.08	20.07	0.1	0.94	0.0	0.05	0.0	0.0	0.0	0.0	0.0	0.0	10.25	0.03	0.45	0.0	28.16	CIBERSORTx
SRR13990811	0.0	0.12	0.0	3.84	7.54	3.31	0.0	0.05	9.76	0.0	2.05	0.15	0.01	0.16	18.48	0.02	0.53	0.0	0.04	0.0	0.0	0.0	0.0	0.15	0.0	0.0	0.03	1.15	0.0	52.61	CIBERSORTx
SRR13991039	0.0	0.14	0.0	5.41	13.24	2.53	0.0	0.03	14.78	0.0	1.21	0.0	0.05	0.16	27.37	0.44	0.0	0.0	0.09	0.0	0.03	0.0	0.0	0.15	0.0	0.0	0.05	1.21	0.0	33.11	CIBERSORTx
SRR13991001	0.0	0.11	0.0	5.79	8.07	2.2	0.0	0.0	24.07	0.0	0.0	0.0	0.05	0.15	19.65	0.0	0.0	0.0	0.04	0.2	0.0	0.0	0.34	0.64	0.0	1.31	0.03	0.74	0.0	36.59	CIBERSORTx
SRR13990996	0.0	0.15	0.0	4.79	12.33	4.37	0.0	0.08	17.44	0.0	0.69	0.0	0.05	0.18	26.94	0.42	0.0	0.0	0.07	0.0	0.0	0.0	0.0	0.23	0.0	0.0	0.04	1.09	0.0	31.12	CIBERSORTx
SRR13991000	0.0	0.01	1.12	0.89	0.0	5.95	0.0	0.0	35.01	0.24	0.0	0.0	0.0	0.0	0.0	0.23	3.34	0.0	0.06	0.11	0.0	0.0	0.0	0.76	0.26	13.9	0.02	0.01	0.04	38.07	CIBERSORTx
SRR13990980	0.0	0.1	0.57	6.29	48.43	0.31	0.0	0.0	13.12	0.0	0.0	0.0	2.73	0.0	3.33	0.32	2.73	0.0	0.0	1.49	0.0	0.0	0.0	0.53	0.0	7.47	0.0	1.4	0.0	11.19	NNLS
SRR13990981	0.0	0.0	0.0	3.09	64.44	0.0	0.0	0.0	5.5	0.0	0.0	0.0	1.59	0.0	11.0	0.06	0.3	0.0	0.0	0.0	0.0	0.0	0.0	0.38	0.0	4.14	0.08	0.15	0.0	9.26	NNLS
SRR13990884	0.0	1.82	4.46	2.96	10.48	0.0	0.0	0.0	3.19	0.0	0.0	0.0	1.38	0.0	2.88	0.04	0.0	0.03	0.0	1.49	0.0	0.0	0.0	0.02	0.0	0.32	0.05	3.53	0.0	67.34	NNLS
SRR13990885	0.0	1.4	3.31	4.06	28.86	0.0	0.0	0.0	8.62	0.0	1.25	0.0	0.61	0.0	21.37	0.02	0.0	0.0	0.0	1.28	0.0	0.0	0.0	0.42	0.0	1.5	0.16	2.9	0.0	24.25	NNLS
SRR13990883	0.0	0.52	0.0	0.0	51.45	0.0	0.0	0.0	2.48	0.0	2.69	0.0	0.33	1.1	26.58	0.0	0.0	0.0	0.0	0.0	0.03	0.0	0.0	0.26	0.0	0.0	0.18	1.21	0.0	13.16	NNLS
SRR13990805	0.0	0.0	5.24	3.17	0.0	0.0	0.0	0.0	6.0	0.0	0.0	0.0	0.51	0.0	0.0	6.87	0.0	0.0	0.0	4.29	0.0	0.0	0.0	0.22	0.0	0.0	0.0	1.61	0.0	72.09	NNLS
SRR13991098	0.0	1.58	2.42	1.18	35.42	0.0	0.0	0.0	3.28	0.0	2.3	0.0	0.02	0.31	17.04	0.58	0.0	0.0	0.0	0.0	0.01	0.0	0.0	0.22	0.0	0.0	0.13	2.83	0.0	32.67	NNLS
SRR13990882	0.0	1.07	3.36	1.53	12.6	0.0	0.0	0.0	3.07	0.0	0.98	0.0	0.0	0.0	5.9	2.09	0.0	0.0	0.09	1.49	0.0	0.0	0.0	0.26	0.0	0.0	0.05	2.39	0.0	65.11	NNLS
SRR13991103	0.0	1.96	5.05	3.26	10.04	0.0	0.0	0.0	5.36	0.0	0.0	0.0	0.37	0.0	0.64	0.31	0.0	0.0	0.0	2.13	0.0	0.0	0.0	0.15	0.0	0.0	0.02	3.47	0.07	67.18	NNLS
SRR13991105	0.0	0.56	3.97	3.54	12.52	0.0	0.0	0.0	5.47	0.0	0.0	0.0	0.39	0.0	0.0	6.27	0.0	0.0	0.15	2.85	0.0	0.0	0.0	0.36	0.0	0.0	0.0	2.64	0.0	61.27	NNLS
SRR13991097	0.0	1.61	2.99	1.68	30.56	0.0	0.0	0.0	3.52	0.0	2.31	0.0	0.0	0.11	15.94	0.6	0.0	0.0	0.0	0.0	0.0	0.0	0.0	0.23	0.0	0.0	0.12	2.9	0.0	37.44	NNLS
SRR13991099	0.0	1.02	3.91	3.01	7.29	0.0	0.0	0.0	4.66	0.0	0.0	0.0	0.51	0.0	0.0	1.04	0.42	0.0	0.06	2.98	0.0	0.0	0.0	0.32	0.0	1.14	0.0	2.88	0.04	70.74	NNLS
SRR13990973	0.0	1.46	4.47	6.13	4.2	0.0	0.0	0.0	15.11	0.0	0.0	0.0	2.97	0.0	0.0	1.03	4.5	0.0	0.0	5.21	0.0	0.0	0.0	0.0	0.0	8.96	0.0	4.45	0.0	41.5	NNLS
SRR13991006	0.0	1.38	2.41	3.46	18.41	0.07	0.0	0.0	9.72	0.0	0.0	0.0	2.07	0.0	0.0	0.84	2.15	0.0	0.25	3.3	0.0	0.0	0.0	0.43	0.0	4.35	0.0	3.05	0.0	48.1	NNLS
SRR13991101	0.26	1.66	3.53	2.42	9.43	0.0	0.0	0.0	4.82	0.0	0.0	0.0	1.14	0.0	0.0	0.47	0.96	0.0	0.21	2.83	0.0	0.0	0.0	0.1	0.0	1.62	0.0	3.19	0.03	67.35	NNLS
SRR13991005	0.0	1.49	1.06	0.35	20.65	0.0	0.0	0.0	3.84	0.0	0.75	0.0	0.99	0.79	21.62	0.24	0.27	0.0	0.08	0.0	0.0	0.0	1.61	0.07	0.0	2.62	0.1	2.56	0.0	40.9	NNLS
SRR13991007	0.0	1.74	1.35	2.06	18.96	0.0	0.0	0.0	8.0	0.0	0.0	0.0	2.04	0.0	13.7	1.08	1.34	0.0	0.34	1.43	0.0	0.0	0.66	0.3	0.0	3.69	0.06	3.18	0.0	40.06	NNLS
SRR13990808	0.0	2.06	2.49	3.73	16.79	0.0	0.0	0.0	6.44	0.0	0.0	0.0	0.66	0.0	7.81	0.63	1.62	0.0	0.0	1.9	0.0	0.0	0.0	0.17	0.0	3.6	0.05	3.91	0.0	48.13	NNLS
SRR13990971	0.0	2.08	3.43	1.77	17.83	0.4	0.0	0.0	5.87	0.0	0.03	0.0	0.81	0.0	6.19	2.17	0.62	0.0	0.15	2.62	0.0	0.0	0.31	0.17	0.0	1.28	0.07	3.79	0.0	50.39	NNLS
SRR13991102	0.0	1.49	3.26	2.36	11.09	0.0	0.0	0.0	3.4	0.0	0.0	0.0	1.25	0.0	3.68	0.54	0.34	0.0	0.24	1.74	0.0	0.0	0.0	0.04	0.0	1.31	0.03	2.77	0.0	66.46	NNLS
SRR13990809	0.0	1.08	0.83	2.14	36.72	0.0	0.0	0.0	3.14	0.0	0.05	0.0	0.54	0.32	15.59	0.4	0.01	0.0	0.0	0.0	0.0	0.0	0.0	0.22	0.0	2.15	0.12	2.12	0.0	34.56	NNLS
SRR13991008	0.0	0.0	6.98	4.44	0.0	0.0	0.0	0.0	12.57	0.0	0.0	0.0	3.28	0.0	0.0	0.0	3.75	0.0	0.0	4.49	0.0	0.0	0.0	0.0	0.0	10.68	0.0	0.0	0.0	53.81	NNLS
SRR13991104	0.0	1.39	2.78	1.13	19.93	0.0	0.0	0.0	2.14	0.0	1.4	0.0	0.17	0.21	11.08	0.13	0.0	0.0	0.0	0.0	0.0	0.0	0.0	0.11	0.0	0.0	0.07	2.44	0.0	57.03	NNLS
SRR13990972	0.0	2.05	2.92	0.42	15.94	0.41	0.0	0.0	4.88	0.0	0.43	0.0	0.86	0.07	8.56	2.3	0.33	0.0	0.22	1.88	0.0	0.0	0.59	0.01	0.0	0.68	0.06	3.69	0.0	53.69	NNLS
SRR13990983	0.0	1.14	0.0	0.0	36.37	0.0	0.0	0.0	0.79	0.0	2.38	0.0	0.0	0.98	22.34	0.03	0.0	0.0	0.0	0.0	0.04	0.0	0.0	0.17	0.0	0.0	0.14	2.06	0.0	33.56	NNLS
SRR13990675	0.0	0.99	5.76	4.75	0.76	0.0	0.08	0.0	10.68	0.0	0.0	0.0	0.62	0.0	0.0	0.99	0.21	0.0	0.33	6.29	0.0	0.0	0.0	0.48	0.0	0.21	0.0	3.46	0.15	64.24	NNLS
SRR13990806	0.0	1.76	2.38	1.41	14.83	0.0	0.0	0.0	4.1	0.0	0.59	0.0	0.36	0.0	10.08	0.25	0.6	0.0	0.07	1.15	0.0	0.0	0.44	0.23	0.0	1.29	0.06	3.11	0.0	57.28	NNLS
SRR13990974	0.0	1.17	1.98	4.07	30.43	0.27	0.0	0.0	6.73	0.0	0.0	0.0	1.85	0.0	4.48	0.49	1.65	0.0	0.0	0.88	0.0	0.0	0.0	0.16	0.0	4.43	0.02	2.5	0.0	38.88	NNLS
SRR13990880	0.0	0.68	0.69	0.0	31.73	0.0	0.0	0.0	0.0	0.1	1.56	0.0	0.0	0.74	14.28	1.24	0.0	0.0	0.0	0.0	0.03	0.0	0.0	0.12	0.0	0.0	0.09	1.55	0.0	47.19	NNLS
SRR13990978	0.0	2.29	8.93	7.2	11.95	0.0	0.0	0.0	7.66	0.0	0.0	0.0	0.15	0.0	0.0	0.59	0.0	0.04	0.0	2.54	0.0	0.0	0.0	0.02	0.0	0.16	0.0	4.97	0.4	53.09	NNLS
SRR13990807	0.0	0.59	4.17	2.73	1.76	0.0	0.0	0.0	6.04	0.0	0.0	0.0	0.86	0.0	0.0	0.43	1.0	0.0	0.21	3.89	0.0	0.0	0.0	0.21	0.0	1.56	0.0	2.22	0.0	74.33	NNLS
SRR13991095	0.0	1.94	2.81	0.26	17.99	0.0	0.0	0.0	4.09	0.0	1.23	0.0	0.16	0.16	13.76	0.73	0.0	0.0	0.2	1.95	0.0	0.0	0.75	0.32	0.0	0.0	0.11	3.62	0.0	49.94	NNLS
SRR13990976	0.0	1.24	1.41	0.0	16.49	0.0	0.0	0.0	1.99	0.0	2.46	0.0	0.1	0.81	17.07	1.2	0.0	0.0	0.0	0.07	0.0	0.0	0.02	0.2	0.0	0.0	0.11	2.31	0.0	54.52	NNLS
SRR13991009	0.0	1.58	1.73	3.83	13.65	0.0	0.0	0.0	7.2	0.0	0.0	0.0	2.53	0.0	5.74	0.41	2.35	0.0	0.14	1.12	0.0	0.0	0.04	0.0	0.0	6.18	0.0	3.1	0.0	50.39	NNLS
SRR13990979	0.0	1.39	1.94	2.6	46.99	0.0	0.0	0.0	2.27	0.0	0.48	0.0	0.1	0.0	13.33	0.25	0.0	0.0	0.0	0.0	0.03	0.0	0.0	0.22	0.0	0.46	0.12	2.6	0.0	27.23	NNLS
SRR13990977	0.0	0.32	3.5	2.12	5.44	0.0	0.0	0.0	4.45	0.0	0.0	0.0	0.49	0.0	0.0	1.54	0.03	0.0	0.32	3.45	0.0	0.0	0.0	0.31	0.0	0.0	0.0	1.6	0.0	76.43	NNLS
SRR13991100	0.0	1.53	2.75	1.28	12.79	0.0	0.0	0.0	2.82	0.0	0.99	0.0	0.23	0.0	7.41	0.71	0.01	0.0	0.02	1.35	0.0	0.0	0.32	0.29	0.0	0.51	0.05	2.89	0.0	64.07	NNLS
SRR13990810	0.0	1.21	2.13	0.0	15.82	0.0	0.0	0.0	1.46	0.0	2.39	0.0	0.0	0.49	13.7	1.0	0.0	0.0	0.0	0.35	0.0	0.0	0.33	0.17	0.0	0.0	0.09	2.01	0.0	58.84	NNLS
SRR13990982	0.0	1.3	0.39	0.0	32.14	0.0	0.0	0.0	1.11	0.0	2.5	0.0	0.0	0.86	21.96	0.07	0.0	0.0	0.0	0.0	0.03	0.0	0.0	0.12	0.0	0.0	0.13	2.32	0.0	37.06	NNLS
SRR13991004	0.0	1.4	0.8	0.04	18.92	0.0	0.0	0.0	3.53	0.3	0.59	0.0	1.76	0.85	20.74	0.48	0.15	0.0	0.02	0.3	0.0	0.0	1.4	0.02	0.0	2.89	0.1	2.5	0.0	43.2	NNLS
SRR13990811	0.0	1.22	1.34	0.0	13.11	0.0	0.0	0.0	0.73	0.0	1.83	0.0	0.0	0.68	13.67	1.28	0.0	0.0	0.0	0.24	0.0	0.0	0.27	0.13	0.0	0.0	0.08	1.98	0.0	63.46	NNLS
SRR13991039	0.0	0.27	0.79	0.19	24.57	0.0	0.0	0.0	2.41	0.0	1.7	0.0	0.69	0.56	10.01	3.71	0.0	0.0	0.06	0.79	0.0	0.0	0.11	0.33	0.0	0.0	0.11	0.8	0.0	52.9	NNLS
SRR13991001	0.0	0.71	1.95	0.97	9.29	0.0	0.0	0.0	4.76	0.08	0.64	0.0	0.61	0.0	7.19	1.64	0.0	0.0	0.26	2.08	0.0	0.0	0.5	0.39	0.0	0.0	0.04	1.4	0.0	67.47	NNLS
SRR13990996	0.0	0.42	1.49	0.55	16.4	0.0	0.0	0.0	3.63	0.0	1.24	0.0	1.01	0.23	7.02	3.92	0.0	0.0	0.17	1.88	0.0	0.0	0.2	0.35	0.0	0.29	0.09	0.94	0.0	60.16	NNLS
SRR13991000	0.0	0.0	4.56	0.0	0.0	0.0	0.77	0.0	7.64	0.6	0.0	0.0	1.21	0.0	0.0	1.38	0.0	0.0	0.0	5.26	0.0	0.0	0.0	0.1	0.0	0.64	0.0	0.0	0.0	77.84	NNLS
SRR13990675	0.0	0.01	0.0	1.16	5.74	1.35	0.03	0.0	9.06	0.0	0.0	0.16	0.0	0.03	3.19	0.16	0.35	0.0	0.0	0.0	0.0	0.0	0.0	0.35	0.02	3.24	0.0	0.05	0.01	75.08	nuSVR
SRR13990805	0.0	0.18	0.82	0.32	6.24	0.85	0.0	0.0	3.51	1.18	0.65	0.0	0.0	0.0	1.34	0.99	0.18	0.0	0.13	0.29	0.0	0.0	0.16	0.23	0.4	0.0	0.08	0.15	0.07	82.22	nuSVR
SRR13990806	0.0	0.11	0.0	1.67	8.95	0.89	0.0	0.03	4.23	0.0	0.74	0.24	0.0	0.25	19.24	0.03	0.05	0.0	0.02	0.0	0.0	0.0	0.03	0.1	0.0	0.18	0.05	0.46	0.0	62.74	nuSVR
SRR13990807	0.0	0.03	0.0	0.58	3.62	0.81	0.0	0.0	6.02	0.0	0.0	0.32	0.01	0.0	3.4	0.11	0.79	0.0	0.0	0.08	0.0	0.0	0.0	0.2	0.01	1.4	0.0	0.06	0.0	82.55	nuSVR
SRR13990808	0.0	0.0	0.0	1.83	12.47	0.9	0.0	0.0	4.89	0.0	0.0	0.04	0.07	0.22	22.72	0.27	0.14	0.0	0.0	0.0	0.0	0.0	0.0	0.1	0.0	2.0	0.06	0.51	0.0	53.77	nuSVR
SRR13990809	0.0	0.0	0.0	2.87	20.58	1.11	0.0	0.17	2.97	0.0	0.0	0.31	0.1	0.3	33.46	0.0	0.0	0.0	0.0	0.0	0.0	0.0	0.0	0.11	0.0	1.43	0.08	0.29	0.0	36.22	nuSVR
SRR13990810	0.0	0.16	0.01	0.68	9.87	1.69	0.0	0.07	1.62	0.0	1.94	0.0	0.0	0.29	20.76	0.23	0.0	0.0	0.0	0.0	0.04	0.0	0.0	0.13	0.0	0.0	0.07	0.64	0.0	61.81	nuSVR
SRR13990811	0.0	0.1	0.0	0.61	7.49	0.97	0.0	0.09	1.54	0.0	1.38	0.0	0.05	0.16	14.68	0.15	0.0	0.0	0.06	0.0	0.02	0.0	0.0	0.03	0.0	0.0	0.05	0.4	0.0	72.22	nuSVR
SRR13990880	0.0	0.17	0.14	0.52	17.49	0.56	0.0	0.11	0.9	0.0	2.01	0.0	0.0	0.33	28.04	0.19	0.0	0.0	0.0	0.0	0.14	0.0	0.0	0.07	0.0	0.0	0.08	0.62	0.0	48.61	nuSVR
SRR13990882	0.12	0.06	0.11	0.5	5.58	0.6	0.0	0.03	2.95	0.0	0.6	0.0	0.03	0.08	12.22	0.32	0.05	0.0	0.02	0.0	0.03	0.0	0.06	0.12	0.0	0.0	0.02	0.25	0.0	76.25	nuSVR
SRR13990883	0.0	0.32	0.0	3.41	27.53	0.36	0.0	0.43	3.33	0.0	0.97	0.56	0.18	0.45	47.19	0.0	0.0	0.0	0.0	0.0	0.06	0.0	0.0	0.24	0.0	0.71	0.15	0.52	0.0	13.6	nuSVR
SRR13990884	0.0	0.04	0.0	0.75	5.59	1.01	0.0	0.0	2.36	0.0	0.59	0.0	0.03	0.09	11.71	0.0	0.08	0.0	0.02	0.0	0.04	0.0	0.0	0.09	0.0	0.0	0.02	0.41	0.0	77.16	nuSVR
SRR13990885	0.0	0.43	0.0	4.06	20.6	2.32	0.0	0.4	6.51	0.0	0.51	0.11	0.23	0.39	36.97	0.0	0.0	0.0	0.0	0.0	0.0	0.0	0.58	0.29	0.0	0.4	0.2	1.5	0.0	24.5	nuSVR
SRR13990971	0.0	0.13	0.0	1.05	10.14	1.33	0.0	0.02	4.55	0.0	1.22	0.05	0.07	0.23	22.83	0.24	0.13	0.0	0.06	0.0	0.0	0.0	0.03	0.02	0.0	0.59	0.06	0.49	0.0	56.76	nuSVR
SRR13990972	0.0	0.11	0.0	1.17	10.91	1.57	0.0	0.15	4.21	0.0	1.15	0.38	0.07	0.19	20.02	0.18	0.12	0.0	0.08	0.0	0.0	0.0	0.0	0.01	0.0	0.0	0.05	0.45	0.0	59.18	nuSVR
SRR13990973	0.0	0.0	0.0	1.67	10.76	1.35	0.0	0.0	12.64	0.0	0.0	0.44	0.07	0.0	8.18	0.14	0.92	0.0	0.09	0.0	0.0	0.0	0.0	0.04	0.3	9.74	0.04	0.09	0.0	53.55	nuSVR
SRR13990974	0.0	0.0	0.0	1.66	15.79	0.55	0.0	0.12	6.36	0.0	0.0	0.78	0.06	0.18	28.77	0.18	0.12	0.0	0.0	0.0	0.0	0.0	0.0	0.11	0.0	4.38	0.05	0.19	0.0	40.69	nuSVR
SRR13990976	0.0	0.19	0.14	0.85	12.09	1.72	0.0	0.02	2.52	0.0	2.74	0.0	0.11	0.33	23.12	0.22	0.0	0.0	0.12	0.0	0.16	0.0	0.0	0.06	0.0	0.0	0.09	0.75	0.0	54.76	nuSVR
SRR13990977	0.0	0.11	0.29	0.46	6.66	0.99	0.0	0.0	3.14	0.0	0.78	0.0	0.05	0.16	3.74	0.21	0.11	0.0	0.06	0.0	0.08	0.0	0.14	0.01	0.0	0.0	0.05	0.16	0.0	82.8	nuSVR
SRR13990978	0.0	0.28	0.95	0.58	12.86	3.31	0.0	0.0	3.8	0.0	1.87	0.0	0.0	0.45	12.69	0.55	0.0	0.0	0.0	0.0	0.0	0.0	0.37	0.23	0.0	0.0	0.12	0.43	0.0	61.5	nuSVR
SRR13990979	0.0	0.3	0.0	1.94	24.66	0.49	0.0	0.13	2.22	0.0	1.95	0.14	0.0	0.52	38.94	0.34	0.0	0.0	0.0	0.0	0.08	0.0	0.0	0.13	0.0	0.0	0.14	0.49	0.0	27.54	nuSVR
SRR13990980	0.0	0.0	0.0	5.26	25.07	1.47	0.0	0.11	10.99	0.0	0.0	0.09	0.14	0.44	36.78	0.0	0.0	0.0	0.0	0.0	0.0	0.0	0.0	0.2	1.02	8.96	0.11	0.42	0.0	8.93	nuSVR
SRR13990981	0.0	0.34	0.0	5.4	27.49	1.85	0.0	0.29	6.11	0.0	0.0	1.05	0.18	0.0	44.88	0.21	0.0	0.0	0.0	0.0	0.0	0.0	0.0	0.17	0.0	3.72	0.16	0.56	0.0	7.6	nuSVR
SRR13990982	0.0	0.24	0.0	1.7	19.17	0.53	0.0	0.26	1.58	0.0	2.03	0.0	0.0	0.44	36.7	0.17	0.0	0.0	0.0	0.0	0.21	0.0	0.0	0.15	0.0	0.0	0.12	0.76	0.0	35.94	nuSVR
SRR13990983	0.0	0.27	0.0	2.14	22.29	0.77	0.0	0.32	1.23	0.0	1.95	0.04	0.0	0.45	36.77	0.21	0.0	0.0	0.0	0.0	0.22	0.0	0.0	0.17	0.0	0.0	0.13	0.64	0.0	32.39	nuSVR
SRR13990996	0.0	0.04	0.0	0.55	6.36	0.73	0.0	0.05	3.88	0.0	0.0	0.15	0.01	0.02	15.09	0.37	0.0	0.0	0.02	0.0	0.02	0.0	0.0	0.08	0.0	0.08	0.01	0.14	0.0	72.39	nuSVR
SRR13991000	0.0	0.01	0.26	0.08	0.08	1.36	0.0	0.0	7.48	0.42	0.0	0.0	0.0	0.0	0.0	0.15	0.88	0.0	0.0	0.05	0.0	0.0	0.0	0.39	0.07	2.87	0.01	0.01	0.02	85.87	nuSVR
SRR13991001	0.11	0.02	0.0	0.89	5.21	0.11	0.0	0.0	5.41	0.0	0.0	0.0	0.02	0.02	10.2	0.05	0.1	0.0	0.01	0.0	0.0	0.0	0.02	0.34	0.0	0.52	0.01	0.05	0.0	76.92	nuSVR
SRR13991004	0.0	0.19	0.0	3.13	12.67	0.93	0.0	0.03	3.8	0.0	0.68	0.09	0.1	0.32	30.0	0.29	0.0	0.0	0.0	0.0	0.0	0.0	0.0	0.15	0.0	1.1	0.09	0.31	0.0	46.13	nuSVR
SRR13991005	0.0	0.33	0.0	3.46	16.54	2.31	0.0	0.14	3.27	0.0	2.62	0.0	0.18	0.21	30.32	0.0	0.0	0.0	0.11	0.0	0.0	0.0	0.0	0.26	0.0	0.3	0.16	0.82	0.0	38.95	nuSVR
SRR13991006	0.19	0.04	0.0	1.23	14.69	0.0	0.0	0.0	9.15	0.0	0.0	0.17	0.01	0.02	14.76	0.16	0.04	0.0	0.02	0.0	0.02	0.0	0.0	0.35	0.0	6.09	0.02	0.15	0.04	52.84	nuSVR
SRR13991007	0.0	0.21	0.0	2.62	13.91	1.35	0.0	0.16	6.74	0.0	0.0	0.16	0.12	0.39	30.32	0.43	0.0	0.0	0.0	0.0	0.0	0.0	0.0	0.14	0.0	1.22	0.1	0.35	0.0	41.77	nuSVR
SRR13991008	0.0	0.0	0.25	0.52	5.88	1.97	0.0	0.0	11.79	0.58	0.0	0.0	0.08	0.09	2.51	0.47	1.02	0.0	0.07	0.19	0.0	0.0	0.14	0.01	0.17	7.49	0.04	0.1	0.0	66.63	nuSVR
SRR13991009	0.0	0.03	0.0	0.52	9.74	0.39	0.0	0.07	6.63	0.0	0.0	0.98	0.05	0.11	17.92	0.16	0.21	0.0	0.05	0.0	0.0	0.0	0.0	0.21	0.0	5.34	0.04	0.14	0.0	57.4	nuSVR
SRR13991039	0.0	0.1	0.0	1.96	15.37	0.81	0.0	0.13	2.64	0.0	1.2	0.03	0.07	0.24	22.23	0.28	0.0	0.0	0.07	0.0	0.11	0.0	0.0	0.09	0.0	0.0	0.07	0.47	0.0	54.13	nuSVR
SRR13991095	0.0	0.19	0.0	2.96	11.94	0.49	0.0	0.0	3.83	0.0	2.08	0.04	0.08	0.35	26.61	0.21	0.0	0.0	0.0	0.0	0.0	0.0	0.0	0.28	0.0	0.0	0.09	0.75	0.0	50.09	nuSVR
SRR13991097	0.0	0.19	0.0	1.33	21.34	1.17	0.0	0.1	3.68	0.0	1.35	0.38	0.12	0.26	31.36	0.16	0.0	0.0	0.13	0.0	0.1	0.0	0.0	0.1	0.0	0.0	0.09	0.58	0.0	37.56	nuSVR
SRR13991098	0.0	0.2	0.0	1.5	23.64	1.2	0.0	0.17	3.24	0.0	1.37	0.54	0.0	0.39	34.2	0.04	0.0	0.0	0.0	0.0	0.09	0.0	0.0	0.12	0.0	0.0	0.09	0.61	0.0	32.6	nuSVR
SRR13991099	0.0	0.17	0.35	0.0	7.98	0.86	0.0	0.0	2.6	0.15	0.96	0.0	0.1	0.32	7.19	0.38	0.18	0.0	0.0	0.02	0.0	0.0	0.22	0.12	0.0	0.0	0.07	0.27	0.0	78.07	nuSVR
SRR13991100	0.0	0.09	0.0	1.0	7.22	0.83	0.0	0.01	2.67	0.0	1.04	0.05	0.0	0.08	16.95	0.01	0.0	0.0	0.06	0.0	0.0	0.0	0.0	0.23	0.0	0.0	0.04	0.38	0.0	69.32	nuSVR
SRR13991101	0.0	0.01	0.0	0.58	6.06	0.48	0.0	0.0	4.79	0.11	0.0	0.06	0.01	0.0	10.48	0.09	0.16	0.0	0.03	0.0	0.01	0.0	0.02	0.11	0.0	0.65	0.01	0.11	0.03	76.2	nuSVR
SRR13991102	0.0	0.04	0.0	1.05	7.12	0.42	0.0	0.01	3.32	0.0	0.3	0.0	0.02	0.08	11.98	0.0	0.05	0.0	0.03	0.01	0.0	0.0	0.0	0.08	0.0	0.0	0.02	0.24	0.0	75.23	nuSVR
SRR13991103	0.0	0.05	0.0	0.21	7.23	0.96	0.0	0.0	3.48	0.2	0.37	0.49	0.03	0.09	11.99	0.0	0.05	0.0	0.03	0.04	0.01	0.0	0.0	0.05	0.0	0.0	0.02	0.33	0.0	74.37	nuSVR
SRR13991104	0.0	0.07	0.0	0.82	11.9	0.71	0.0	0.16	2.19	0.0	0.96	0.26	0.0	0.15	18.9	0.0	0.0	0.0	0.0	0.0	0.06	0.0	0.0	0.07	0.0	0.0	0.04	0.31	0.0	63.4	nuSVR
SRR13991105	0.24	0.06	0.0	1.26	10.15	0.54	0.0	0.0	4.96	0.0	0.76	0.21	0.04	0.09	11.65	0.74	0.06	0.0	0.04	0.0	0.0	0.0	0.07	0.12	0.0	0.0	0.02	0.36	0.0	68.61	nuSVR
SRR13990980	0.0	0.0	0.0	5.33	53.66	2.23	0.0	0.0	13.47	0.0	0.0	0.0	0.0	0.0	6.16	0.0	1.45	0.0	0.0	0.0	0.0	0.0	0.77	0.0	0.0	8.25	0.0	0.0	0.0	8.68	QP
SRR13990981	0.0	0.0	0.0	0.0	69.67	0.0	0.0	0.0	4.58	0.0	1.3	0.0	0.0	0.0	13.89	0.0	0.0	0.0	0.0	0.0	0.0	0.0	0.46	0.0	0.0	3.66	0.0	0.0	0.0	6.44	QP
SRR13990884	0.0	0.0	0.0	0.0	8.08	0.28	0.0	0.0	0.0	0.0	5.7	0.0	0.0	0.0	5.54	0.0	0.0	0.0	0.0	0.0	0.0	0.0	2.04	0.0	0.0	0.0	0.0	0.9	0.0	77.45	QP
SRR13990885	0.0	0.0	0.0	0.0	31.0	0.0	0.0	0.0	6.95	0.0	8.23	0.0	0.0	0.0	29.54	0.0	0.0	0.0	0.0	0.0	0.0	0.0	1.72	0.0	0.02	0.0	0.0	0.0	0.0	22.55	QP
SRR13990883	0.0	0.0	0.0	0.0	57.62	0.0	0.0	0.0	0.0	0.0	0.61	0.0	0.0	0.0	32.62	0.0	0.0	0.0	0.0	0.0	0.0	0.0	0.0	0.0	0.0	0.0	0.0	0.0	0.0	9.15	QP
SRR13990805	0.0	0.0	2.89	4.87	0.0	0.0	0.0	0.0	5.07	0.0	0.0	0.0	0.0	0.0	0.0	5.18	0.0	0.0	0.0	3.29	0.0	0.0	0.0	0.0	0.0	0.0	0.0	0.5	0.0	78.2	QP
SRR13991098	0.0	0.0	0.0	0.0	41.5	0.0	0.0	0.0	0.0	0.0	2.37	0.0	0.0	0.0	25.04	0.0	0.0	0.0	0.0	0.0	0.0	0.0	0.0	0.0	0.0	0.0	0.0	0.0	0.0	31.08	QP
SRR13990882	0.0	0.0	0.0	0.0	10.53	0.0	0.0	0.0	0.0	0.0	4.08	0.0	0.0	0.0	10.4	0.0	0.0	0.0	0.0	0.0	0.0	0.0	0.07	0.0	0.0	0.0	0.0	0.0	0.0	74.92	QP
SRR13991103	0.0	0.01	0.39	0.34	8.38	1.75	0.0	0.0	2.76	0.0	5.58	0.0	0.0	0.0	1.05	0.0	0.0	0.0	0.0	0.0	0.0	0.0	2.69	0.0	0.0	0.0	0.0	1.66	0.0	75.41	QP
SRR13991105	0.0	0.0	0.0	0.0	12.86	1.8	0.0	0.0	2.57	0.0	6.51	0.0	0.0	0.0	0.0	2.41	0.0	0.0	0.0	0.0	0.0	0.0	2.14	0.0	0.0	0.0	0.0	0.25	0.0	71.46	QP
SRR13991097	0.0	0.0	0.0	0.0	34.86	0.0	0.0	0.0	0.0	0.0	3.85	0.0	0.0	0.0	23.66	0.0	0.0	0.0	0.0	0.0	0.0	0.0	0.0	0.0	0.0	0.0	0.0	0.0	0.0	37.63	QP
SRR13991099	0.0	0.0	0.76	2.04	6.52	2.62	0.0	0.0	3.59	0.0	2.51	0.0	0.0	0.0	0.0	0.0	0.0	0.0	0.0	0.53	0.0	0.0	1.57	0.0	0.0	0.25	0.0	1.57	0.0	78.04	QP
SRR13990973	0.0	0.3	1.65	8.13	4.77	2.43	0.0	0.0	15.83	0.0	0.0	0.0	0.12	0.0	0.0	0.0	4.63	0.0	0.0	3.43	0.0	0.0	0.43	0.0	0.0	10.08	0.0	3.63	0.0	44.58	QP
SRR13991006	0.0	0.0	0.0	0.2	20.89	4.37	0.0	0.0	9.42	0.0	1.97	0.0	0.0	0.0	0.0	0.0	0.69	0.0	0.0	0.0	0.0	0.0	3.55	0.0	0.01	4.21	0.0	0.78	0.0	53.92	QP
SRR13991101	0.0	0.0	0.0	0.0	8.55	3.7	0.0	0.0	3.52	0.0	4.03	0.0	0.0	0.0	0.0	0.0	0.01	0.0	0.0	0.0	0.0	0.0	2.36	0.0	0.0	0.45	0.0	1.45	0.0	75.94	QP
SRR13991005	0.0	0.0	0.0	0.0	22.43	0.0	0.0	0.0	0.2	0.0	0.35	0.0	0.0	0.0	33.28	0.0	0.0	0.0	0.0	0.0	0.0	0.0	0.0	0.0	0.89	0.08	0.0	0.0	0.0	42.78	QP
SRR13991007	0.0	0.0	0.0	0.0	19.44	0.0	0.0	0.0	6.34	0.0	1.14	0.0	0.0	0.0	24.01	0.0	0.0	0.0	0.0	0.0	0.0	0.0	1.6	0.0	1.51	2.33	0.0	0.0	0.0	43.63	QP
SRR13990808	0.0	0.0	0.0	0.0	15.83	0.33	0.0	0.0	4.09	0.0	2.98	0.0	0.0	0.0	14.22	0.0	0.0	0.0	0.0	0.0	0.0	0.0	2.88	0.0	3.66	1.38	0.0	0.36	0.0	54.28	QP
SRR13990971	0.0	0.0	0.0	0.0	18.53	1.61	0.0	0.0	3.13	0.0	3.73	0.0	0.0	0.0	12.01	0.0	0.0	0.0	0.0	0.0	0.0	0.0	1.71	0.0	1.1	0.0	0.0	0.64	0.0	57.54	QP
SRR13991102	0.0	0.0	0.0	0.0	9.35	0.87	0.0	0.0	1.14	0.0	4.23	0.0	0.0	0.0	6.87	0.0	0.0	0.0	0.0	0.0	0.0	0.0	1.65	0.0	0.0	0.0	0.0	0.22	0.0	75.67	QP
SRR13990809	0.0	0.0	0.0	0.0	42.98	0.0	0.0	0.0	0.0	0.0	0.0	0.0	0.0	0.0	23.65	0.0	0.0	0.0	0.0	0.0	0.0	0.0	0.0	0.0	0.0	0.0	0.0	0.0	0.0	33.37	QP
SRR13991008	0.0	0.0	7.01	4.42	0.0	0.0	0.0	0.0	12.58	0.0	0.0	0.0	3.32	0.0	0.0	0.0	3.74	0.0	0.0	4.51	0.0	0.0	0.0	0.0	0.0	10.67	0.0	0.0	0.0	53.75	QP
SRR13991104	0.0	0.0	0.0	0.0	19.96	0.0	0.0	0.0	0.0	0.0	0.38	0.0	0.0	0.0	16.43	0.0	0.0	0.0	0.0	0.0	0.0	0.0	0.0	0.0	0.0	0.0	0.0	0.0	0.0	63.23	QP
SRR13990972	0.0	0.0	0.0	0.0	16.41	0.0	0.0	0.0	1.05	0.0	2.38	0.0	0.0	0.0	17.07	0.0	0.0	0.0	0.0	0.0	0.0	0.0	0.56	0.0	0.85	0.0	0.0	0.01	0.0	61.67	QP
SRR13990983	0.0	0.0	0.0	0.0	42.04	0.0	0.0	0.0	0.0	0.0	0.0	0.0	0.0	0.0	28.31	0.0	0.0	0.0	0.0	0.0	0.0	0.0	0.0	0.0	0.0	0.0	0.0	0.0	0.0	29.64	QP
SRR13990675	0.0	0.85	5.28	5.35	1.04	0.0	0.08	0.0	10.8	0.0	0.0	0.0	0.1	0.0	0.0	0.5	0.28	0.0	0.0	6.27	0.0	0.0	0.0	0.05	0.0	0.16	0.0	3.33	0.0	65.9	QP
SRR13990806	0.0	0.0	0.0	0.0	14.1	0.0	0.0	0.0	0.3	0.0	2.86	0.0	0.0	0.0	16.71	0.0	0.0	0.0	0.0	0.0	0.0	0.0	0.06	0.0	1.38	0.0	0.0	0.0	0.0	64.59	QP
SRR13990974	0.0	0.0	0.0	0.0	33.14	0.0	0.0	0.0	4.01	0.0	2.58	0.0	0.0	0.0	11.51	0.0	0.0	0.0	0.0	0.0	0.0	0.0	2.05	0.0	1.86	2.87	0.0	0.0	0.0	41.98	QP
SRR13990880	0.0	0.0	0.0	0.0	35.18	0.0	0.0	0.0	0.0	0.0	0.0	0.0	0.0	0.0	16.73	0.0	0.0	0.0	0.0	0.0	0.0	0.0	0.0	0.0	0.0	0.0	0.0	0.0	0.0	48.09	QP
SRR13990978	0.0	2.28	8.87	7.32	12.07	0.0	0.0	0.0	7.66	0.0	0.0	0.0	0.04	0.0	0.0	0.49	0.0	0.0	0.0	2.52	0.0	0.0	0.0	0.0	0.0	0.16	0.0	4.96	0.31	53.33	QP
SRR13990807	0.0	0.0	2.61	3.71	1.89	0.86	0.0	0.0	5.64	0.0	0.0	0.0	0.0	0.0	0.0	0.0	0.86	0.0	0.0	2.97	0.0	0.0	0.0	0.0	0.0	1.48	0.0	1.6	0.0	78.37	QP
