	Adipose	Adrenal gland	Arteries	Bladder	Brain	Breast	FemaleReproductive	Fibroblasts	Lymphocytes	ColonSigmoid	ColonTransverse	Esophagus	EsophagusMucosa	Heart	Kidney	Liver	Lung	SalivaryGland	MuscleSkeletal	NerveTibial	Pancreas	Pituitary	Prostate	Skin	SmallIntestine	Spleen	Stomach	Testis	Thyroid	Whole blood	DeconvolutionTool
SRR10192169	0.92	0.0	17.7	0.0	0.0	0.0	0.0	9.48	9.39	12.6	0.0	0.0	0.0	0.0	0.0	0.02	6.86	0.0	0.0	0.0	0.0	0.0	0.0	0.0	0.0	0.01	0.0	2.29	0.0	40.72	BayesPrism
SRR10192352	0.0	0.0	1.48	0.0	0.0	0.0	2.26	0.02	47.35	0.0	0.0	0.0	0.0	0.0	0.0	0.01	4.58	0.0	0.0	7.65	0.0	0.0	0.0	0.0	0.0	12.64	0.0	0.01	0.0	23.97	BayesPrism
SRR10192297	0.0	0.0	0.0	0.0	0.0	0.0	3.91	0.0	67.72	0.0	0.0	0.0	0.0	0.0	0.0	0.0	0.0	0.52	0.01	0.02	0.0	0.14	0.0	0.0	0.0	19.24	0.0	0.0	0.0	8.44	BayesPrism
SRR10192502	0.69	0.0	15.39	0.0	0.18	0.0	0.0	9.35	0.0	31.26	0.0	0.0	0.0	0.0	0.0	0.0	0.08	0.0	0.0	0.0	0.0	0.0	0.0	0.0	0.0	0.0	0.0	0.75	0.0	42.28	BayesPrism
SRR10192438	0.0	0.0	0.0	0.0	0.0	0.0	7.45	0.0	19.26	0.0	0.0	0.0	0.0	0.0	0.0	0.07	1.34	0.0	0.0	11.33	0.0	0.0	0.0	0.26	0.0	26.19	0.0	0.0	0.08	33.99	BayesPrism
SRR10192353	3.66	0.0	12.25	0.0	0.0	0.0	0.0	3.71	23.97	1.41	0.0	0.0	0.0	0.0	0.0	0.09	16.58	0.0	0.0	0.44	0.0	0.0	0.0	0.0	0.0	0.02	0.0	1.37	0.0	36.47	BayesPrism
SRR10192434	0.0	0.0	0.0	0.0	0.0	0.0	8.08	0.0	29.44	0.0	0.0	0.0	0.0	0.0	0.0	0.09	1.59	0.0	0.0	9.4	0.0	0.0	0.0	0.01	0.0	23.36	0.0	0.0	0.0	28.02	BayesPrism
SRR10192498	0.85	0.0	16.12	0.0	0.0	0.0	0.0	13.57	0.16	24.11	0.0	0.0	0.0	0.0	0.0	0.0	0.96	0.0	0.0	0.0	0.0	0.0	0.0	0.0	0.0	0.0	0.0	2.7	0.0	41.5	BayesPrism
SRR10192428	0.0	0.0	0.0	0.0	0.0	0.0	7.08	0.0	38.96	0.0	0.0	0.0	0.0	0.0	0.0	0.08	1.39	0.0	0.0	10.47	0.0	0.0	0.0	0.0	0.0	20.65	0.0	0.0	0.0	21.34	BayesPrism
SRR10192447	0.0	0.0	0.24	0.0	0.0	0.0	0.76	0.0	24.11	0.0	0.0	0.0	0.0	0.0	0.0	0.05	9.8	0.0	0.0	19.52	0.0	0.0	0.0	0.0	0.0	26.11	0.0	0.05	0.0	19.33	BayesPrism
SRR10192355	0.0	0.0	0.0	0.0	0.0	0.0	6.65	0.0	44.55	0.0	0.0	0.0	0.0	0.0	0.0	0.18	2.86	0.0	0.0	8.85	0.0	0.0	0.0	0.03	0.0	15.76	0.0	0.01	0.0	21.08	BayesPrism
SRR10192436	0.06	0.0	15.91	0.0	0.0	0.0	0.0	4.12	25.04	5.4	0.0	0.0	0.0	0.0	0.0	0.05	12.17	0.0	0.0	0.14	0.0	0.0	0.0	0.0	0.0	0.26	0.0	0.72	0.0	36.11	BayesPrism
SRR10192291	0.0	0.0	4.95	0.0	0.0	0.0	0.0	0.0	8.96	0.0	0.0	0.0	0.0	0.0	0.0	0.05	2.91	0.0	0.03	12.75	0.0	0.0	0.0	0.13	0.0	42.95	0.0	0.34	0.0	26.91	BayesPrism
SRR10192354	0.0	0.0	0.0	0.0	0.0	0.0	7.67	0.0	44.34	0.0	0.0	0.0	0.0	0.0	0.0	0.06	5.94	0.0	0.0	10.08	0.0	0.0	0.0	0.01	0.0	10.43	0.0	0.01	0.0	21.44	BayesPrism
SRR10192437	0.0	0.0	0.0	0.0	0.0	0.0	7.15	0.0	43.72	0.0	0.0	0.0	0.0	0.0	0.0	0.04	0.62	0.0	0.0	9.71	0.0	0.0	0.0	0.0	0.0	15.17	0.0	0.02	0.0	23.55	BayesPrism
SRR10192479	1.97	0.0	15.11	0.0	0.0	0.0	0.0	3.24	21.25	2.57	0.0	0.0	0.0	0.0	0.0	0.09	15.39	0.0	0.0	0.04	0.0	0.0	0.0	0.0	0.0	0.0	0.0	1.16	0.0	39.16	BayesPrism
SRR10192431	0.0	0.0	0.36	0.0	0.0	0.0	15.33	0.0	22.63	0.0	0.0	0.0	0.0	0.0	0.0	0.06	5.17	0.0	0.0	17.06	0.0	0.0	0.0	0.03	0.0	14.87	0.0	0.11	0.0	24.37	BayesPrism
SRR10192276	0.0	0.0	2.3	0.0	0.0	0.0	0.02	0.0	15.16	0.0	0.0	0.0	0.0	0.0	0.0	0.06	2.04	0.0	0.01	14.39	0.0	0.0	0.0	0.37	0.0	38.99	0.0	0.33	0.01	26.32	BayesPrism
SRR10192441	0.0	0.0	0.0	0.0	0.0	0.0	10.06	0.0	40.96	0.0	0.0	0.0	0.0	0.0	0.0	0.08	0.88	0.0	0.0	9.73	0.0	0.0	0.0	0.0	0.0	19.26	0.0	0.04	0.01	18.95	BayesPrism
SRR10192413	0.0	0.0	0.0	0.0	0.0	0.0	4.43	0.0	38.25	0.0	0.0	0.0	0.0	0.0	0.0	0.02	3.04	0.0	0.0	15.73	0.0	0.0	0.0	0.0	0.0	16.21	0.0	0.01	0.0	22.28	BayesPrism
SRR10192347	0.0	0.0	10.4	0.0	0.0	0.0	0.0	0.0	11.5	0.0	0.0	0.0	0.01	0.0	0.0	0.03	7.94	0.0	0.0	5.82	0.0	0.0	0.0	0.05	0.0	16.86	0.0	1.11	0.25	46.01	BayesPrism
SRR10192318	0.0	0.0	4.83	0.0	0.0	0.0	0.01	0.0	15.4	0.0	0.0	0.0	0.01	0.0	0.0	0.07	6.02	0.0	0.18	12.13	0.0	0.0	0.0	0.16	0.0	27.7	0.0	0.75	0.0	32.72	BayesPrism
SRR10192357	0.0	0.0	0.01	0.0	0.0	0.0	13.83	0.0	33.32	0.0	0.0	0.0	0.0	0.0	0.0	0.05	6.93	0.0	0.02	6.44	0.0	0.0	0.0	0.02	0.0	18.73	0.0	0.11	0.0	20.51	BayesPrism
SRR10192465	0.54	0.0	14.06	0.0	0.0	0.0	0.0	2.59	25.65	3.73	0.0	0.0	0.0	0.0	0.0	0.17	15.36	0.0	0.0	0.4	0.0	0.0	0.0	0.0	0.0	0.17	0.0	0.88	0.0	36.43	BayesPrism
SRR10192415	0.0	0.0	0.0	0.0	0.0	0.0	12.47	0.0	33.31	0.0	0.0	0.0	0.0	0.0	0.0	0.09	3.44	0.0	0.0	9.6	0.0	0.0	0.0	0.0	0.0	15.32	0.0	0.0	0.0	25.76	BayesPrism
SRR10192294	0.0	0.0	0.08	0.0	0.0	0.0	3.76	0.0	14.87	0.0	0.0	0.0	0.01	0.0	0.0	0.27	4.13	0.01	0.13	11.95	0.0	0.01	0.01	0.24	0.04	37.46	0.0	0.93	0.01	26.08	BayesPrism
SRR10192171	0.0	0.0	0.91	0.0	0.0	0.0	1.57	0.0	40.18	0.0	0.0	0.0	0.0	0.0	0.0	0.09	11.26	0.0	0.0	12.76	0.0	0.0	0.0	0.0	0.01	9.16	0.0	0.03	0.0	24.02	BayesPrism
SRR10192481	0.6	0.0	10.28	0.0	0.0	0.0	0.0	5.19	25.03	1.93	0.0	0.0	0.0	0.0	0.0	0.05	15.68	0.0	0.0	0.01	0.0	0.0	0.0	0.0	0.0	0.0	0.0	4.67	0.0	36.54	BayesPrism
SRR10192343	0.0	0.01	9.74	0.0	0.0	0.0	0.0	0.0	13.03	0.01	0.0	0.0	0.02	0.0	0.0	0.01	6.8	0.01	0.01	3.12	0.0	0.01	0.0	0.04	0.0	25.79	0.0	1.09	0.01	40.31	BayesPrism
SRR10192345	0.0	0.0	0.0	0.0	0.0	0.0	9.45	0.0	35.84	0.0	0.0	0.0	0.01	0.0	0.0	0.08	2.26	0.0	0.01	6.34	0.0	0.0	0.0	0.03	0.0	16.4	0.0	0.1	0.0	29.45	BayesPrism
SRR10192165	0.42	0.0	18.49	0.0	0.01	0.0	0.0	11.22	3.27	12.73	0.0	0.0	0.0	0.0	0.0	0.05	7.94	0.0	0.0	0.0	0.0	0.0	0.0	0.0	0.0	0.0	0.0	4.46	0.0	41.42	BayesPrism
SRR10192350	0.0	0.0	3.15	0.0	0.0	0.0	0.27	0.0	14.37	0.0	0.0	0.0	0.0	0.0	0.0	0.07	2.43	0.0	0.04	13.39	0.0	0.0	0.0	0.05	0.0	39.68	0.01	0.08	0.0	26.45	BayesPrism
SRR10192490	0.0	0.0	6.63	0.0	0.0	0.0	0.02	0.01	26.51	0.0	0.0	0.0	0.0	0.0	0.0	0.05	18.98	0.0	0.0	8.01	0.0	0.0	0.0	0.01	0.0	4.96	0.0	2.34	0.0	32.46	BayesPrism
SRR10192487	8.78	0.0	12.65	0.01	0.05	0.0	0.0	12.6	15.16	1.87	0.0	0.0	0.0	0.0	0.0	0.02	16.86	0.0	0.0	0.0	0.0	0.0	0.0	0.0	0.0	0.0	0.0	6.23	0.0	25.75	BayesPrism
SRR10192422	0.0	0.0	1.85	0.0	0.0	0.0	4.49	0.0	24.64	0.0	0.0	0.0	0.02	0.0	0.0	0.07	8.1	0.0	0.0	11.64	0.0	0.0	0.0	0.13	0.0	12.45	0.0	0.9	0.0	35.71	BayesPrism
SRR10192166	10.02	0.0	15.69	0.0	0.0	0.0	0.0	13.5	9.26	8.25	0.0	0.0	0.0	0.0	0.0	0.06	3.82	0.0	0.0	0.0	0.0	0.0	0.0	0.0	0.0	0.0	0.0	2.92	0.0	36.46	BayesPrism
SRR10192282	0.0	0.0	0.0	0.0	0.0	1.04	13.81	0.0	46.3	0.0	0.0	0.0	0.0	0.01	0.01	0.11	0.22	0.0	0.0	3.25	0.0	0.0	0.0	0.08	0.04	12.75	0.0	0.17	0.0	22.21	BayesPrism
SRR10192304	0.0	0.0	0.0	0.0	0.0	0.0	0.43	0.0	9.44	0.0	0.0	0.0	0.01	0.0	0.0	0.08	6.33	0.08	0.21	21.23	0.0	0.06	0.0	0.19	0.04	36.57	0.0	0.78	0.05	24.49	BayesPrism
SRR10192468	0.02	0.0	17.02	0.0	0.03	0.0	0.0	17.38	2.58	11.83	0.0	0.0	0.0	0.0	0.0	0.01	3.94	0.0	0.0	0.0	0.0	0.0	0.0	0.0	0.0	0.0	0.0	8.26	0.0	38.92	BayesPrism
SRR10192349	0.0	0.0	4.8	0.0	0.0	0.0	6.47	0.0	29.2	0.0	0.0	0.0	0.0	0.0	0.0	0.14	11.64	0.0	0.0	5.89	0.0	0.0	0.01	0.01	0.02	7.81	0.0	1.34	0.0	32.64	BayesPrism
SRR10192461	0.0	0.0	4.28	0.0	0.01	0.01	4.12	0.0	21.62	0.01	0.0	0.0	0.0	0.74	0.72	0.07	9.83	0.01	0.01	11.47	0.0	0.0	0.0	0.05	0.0	14.48	0.0	0.62	0.0	31.92	BayesPrism
SRR10192453	0.0	0.0	12.02	0.0	0.0	0.0	0.02	0.13	24.62	0.03	0.0	0.0	0.02	0.0	0.0	0.02	12.08	0.01	0.06	5.69	0.0	0.19	0.01	0.25	0.09	13.22	0.01	2.29	0.02	29.21	BayesPrism
SRR10192459	0.0	0.0	0.0	0.0	0.0	0.0	6.16	0.0	43.88	0.0	0.0	0.0	0.0	0.0	0.0	0.17	2.81	0.0	0.0	9.61	0.0	0.0	0.0	0.01	0.0	15.75	0.0	0.13	0.0	21.46	BayesPrism
SRR10192475	4.2	0.0	10.97	0.01	0.0	0.0	0.0	15.38	14.17	4.32	0.0	0.0	0.0	0.0	0.0	0.1	10.45	0.0	0.0	0.0	0.0	0.0	0.0	0.0	0.0	0.0	0.0	7.52	0.0	32.86	BayesPrism
SRR10192424	0.0	0.0	0.0	0.0	0.0	0.0	14.3	0.0	33.77	0.0	0.0	0.0	0.0	0.0	0.0	0.09	4.82	0.0	0.01	9.46	0.0	0.0	0.0	0.04	0.0	16.38	0.0	0.24	0.0	20.88	BayesPrism
SRR10192416	0.08	0.0	10.66	0.01	0.0	0.0	0.03	1.68	30.75	0.57	0.0	0.0	0.0	0.0	0.0	0.07	20.91	0.0	0.0	2.95	0.0	0.0	0.0	0.0	0.0	0.07	0.0	0.87	0.0	31.32	BayesPrism
SRR10192173	0.0	0.0	1.98	0.0	0.0	0.0	4.18	0.0	26.78	0.0	0.0	0.0	0.0	0.07	0.02	0.08	4.96	0.0	0.01	8.46	0.0	0.0	0.0	0.07	0.0	22.55	0.0	0.37	0.0	30.45	BayesPrism
SRR10192320	0.0	0.0	1.11	0.0	0.0	0.0	8.97	0.0	40.42	0.0	0.0	0.0	0.0	0.0	0.0	0.09	9.21	0.0	0.0	8.47	0.0	0.0	0.0	0.01	0.0	5.87	0.0	0.73	0.0	25.11	BayesPrism
SRR10192327	0.69	0.0	0.13	0.01	2.46	11.42	0.01	0.17	19.14	0.01	0.02	0.01	0.0	4.94	26.84	0.18	4.61	0.0	0.01	2.24	0.0	0.0	0.0	0.01	0.0	4.74	0.01	0.97	0.0	21.38	BayesPrism
SRR10192486	0.0	0.0	3.38	0.0	0.0	0.0	0.02	0.0	24.09	0.0	0.0	0.0	0.02	0.0	0.0	0.16	20.91	0.0	0.01	16.5	0.0	0.0	0.0	0.06	0.02	10.67	0.0	1.38	0.02	22.75	BayesPrism
SRR10192426	0.0	0.0	14.34	0.0	0.0	0.0	0.0	1.31	16.21	3.59	0.0	0.0	0.02	0.0	0.0	0.02	8.37	0.0	0.0	2.56	0.0	0.0	0.0	0.18	0.01	3.14	0.0	3.05	5.7	41.47	BayesPrism
SRR10192342	15.11	0.0	5.48	0.0	3.69	0.0	0.0	19.35	0.89	14.82	0.0	0.0	0.0	0.0	0.0	0.06	0.08	0.01	0.0	0.0	0.0	0.0	0.0	0.0	0.0	0.0	0.01	4.66	0.0	35.82	BayesPrism
SRR10192308	0.0	0.0	0.01	0.0	0.0	0.0	4.53	0.0	17.77	0.0	0.0	0.0	0.0	0.0	0.0	0.14	4.5	0.05	0.14	14.39	0.0	0.03	0.0	0.28	0.04	32.39	0.01	1.45	0.11	24.15	BayesPrism
SRR10192493	4.72	0.0	9.35	0.0	1.1	0.0	0.0	11.42	16.82	12.13	0.0	0.0	0.0	0.0	0.0	0.06	1.18	0.0	0.0	0.0	0.0	0.0	0.0	0.0	0.0	0.0	0.0	2.74	0.0	40.45	BayesPrism
SRR10192420	0.0	0.0	0.0	0.0	0.0	0.0	17.08	0.0	26.13	0.0	0.0	0.0	0.0	0.0	0.0	0.08	1.69	0.0	0.0	5.57	0.0	0.0	0.0	0.11	0.0	18.08	0.0	0.0	0.0	31.21	BayesPrism
SRR10192292	0.0	0.0	0.0	0.0	0.0	0.0	13.26	0.0	29.63	0.0	0.0	0.0	0.0	0.0	0.0	0.1	0.13	0.0	0.01	6.65	0.0	0.0	0.0	0.22	0.0	20.56	0.0	0.45	0.17	28.79	BayesPrism
SRR10192356	14.04	0.0	0.91	0.0	0.02	1.74	0.01	0.42	33.83	0.01	0.01	0.01	0.0	0.02	3.76	0.07	9.36	0.0	0.0	3.66	0.0	0.0	0.0	0.0	0.0	2.37	0.0	0.54	0.0	29.2	BayesPrism
SRR10192500	13.11	0.0	9.82	0.0	2.16	0.0	0.0	3.07	19.7	3.9	0.02	0.0	0.01	0.0	0.0	0.07	10.75	0.0	0.0	0.0	0.0	0.0	0.0	0.0	0.0	0.02	0.0	2.59	0.0	34.77	BayesPrism
SRR10192299	0.0	0.0	0.0	0.0	0.0	0.0	12.07	0.0	39.25	0.0	0.0	0.0	0.0	0.0	0.0	0.05	1.48	0.01	0.04	8.35	0.0	0.0	0.0	0.21	0.0	10.92	0.01	0.82	0.01	26.74	BayesPrism
SRR10192316	0.0	0.0	0.0	0.0	0.0	0.0	15.1	0.0	35.46	0.0	0.0	0.0	0.0	0.0	0.0	0.24	5.91	0.0	0.0	5.3	0.0	0.0	0.0	0.13	0.0	10.47	0.0	0.83	0.01	26.51	BayesPrism
SRR10192445	0.0	0.0	10.67	0.0	0.0	0.0	0.0	0.34	23.45	3.1	0.0	0.0	0.02	0.0	0.0	0.01	8.56	0.01	0.0	1.13	0.0	0.03	0.0	0.08	0.04	12.93	0.01	2.11	0.01	37.47	BayesPrism
SRR10192270	0.0	0.0	0.66	0.0	0.0	0.0	5.7	0.0	13.04	0.0	0.0	0.0	0.01	0.0	0.0	0.12	5.69	0.04	0.15	11.18	0.0	0.1	0.02	0.34	0.05	29.33	0.02	1.75	0.11	31.68	BayesPrism
SRR10192315	0.0	0.0	0.0	0.0	0.0	0.0	15.43	0.0	36.07	0.0	0.0	0.0	0.0	0.0	0.0	0.14	0.54	0.01	0.05	8.48	0.0	0.0	0.01	0.11	0.01	16.68	0.0	0.52	0.02	21.92	BayesPrism
SRR10192488	0.0	0.03	0.0	0.0	0.67	0.0	0.0	0.01	6.85	0.0	0.0	0.0	0.19	0.0	0.0	0.46	0.01	0.54	1.18	1.37	0.09	15.85	8.21	2.44	7.04	10.77	0.41	24.42	1.73	17.72	BayesPrism
SRR10192310	0.0	0.0	0.0	0.0	0.0	0.0	11.3	0.0	28.35	0.0	0.0	0.0	0.0	0.0	0.0	0.22	4.48	0.01	0.02	12.81	0.0	0.0	0.0	0.15	0.02	15.59	0.0	0.41	0.0	26.62	BayesPrism
SRR10192274	0.01	0.0	0.53	0.0	0.0	0.19	6.62	0.0	35.63	0.01	0.0	0.0	0.01	0.0	0.0	0.24	16.02	0.0	0.02	10.26	0.0	0.0	0.01	0.04	0.01	6.59	0.0	0.85	0.0	22.95	BayesPrism
SRR10192457	0.0	0.0	0.0	0.0	0.0	0.0	13.08	0.0	41.17	0.0	0.0	0.0	0.0	0.0	0.0	0.15	1.27	0.0	0.01	9.94	0.0	0.0	0.0	0.04	0.01	15.01	0.0	0.19	0.0	19.11	BayesPrism
SRR10192483	3.97	0.0	13.8	0.0	0.0	0.0	0.0	7.3	23.56	0.38	0.0	0.0	0.0	0.0	0.0	0.08	16.78	0.0	0.0	0.0	0.0	0.0	0.0	0.01	0.0	0.0	0.0	4.04	0.0	30.05	BayesPrism
SRR10192455	0.0	0.0	0.0	0.0	0.0	0.0	10.37	0.0	23.91	0.0	0.0	0.0	0.0	0.0	0.0	0.17	2.9	0.02	0.01	14.36	0.0	0.0	0.02	0.06	0.0	26.83	0.0	0.31	0.0	21.04	BayesPrism
SRR10192278	0.0	0.0	0.0	0.0	0.0	7.55	14.26	0.0	45.94	0.0	0.0	0.0	0.0	0.0	0.0	0.78	2.41	0.01	0.0	1.65	0.0	0.0	0.0	0.04	0.0	2.81	0.0	0.41	0.0	24.1	BayesPrism
SRR10192286	0.0	0.0	0.01	0.0	0.0	0.0	7.96	0.0	20.26	0.0	0.0	0.0	0.05	0.0	0.0	0.05	0.28	0.01	0.07	8.49	0.0	0.07	0.01	0.39	0.06	34.22	0.02	1.11	0.01	26.93	BayesPrism
SRR10192311	0.0	0.0	0.0	0.0	0.01	3.67	13.7	0.0	37.33	0.0	0.0	0.0	0.0	0.01	0.01	0.13	2.87	0.02	0.04	5.16	0.0	0.02	0.01	0.16	0.03	7.06	0.01	2.06	0.01	27.65	BayesPrism
SRR10192284	0.0	0.0	0.0	0.0	0.0	0.0	15.86	0.0	34.8	0.0	0.0	0.0	0.0	0.0	0.0	0.2	6.61	0.0	0.08	10.01	0.0	0.02	0.01	0.22	0.07	7.9	0.01	1.67	0.09	22.43	BayesPrism
SRR10192280	0.0	0.0	0.0	0.0	0.0	0.0	13.62	0.0	40.0	0.0	0.0	0.0	0.01	0.0	0.0	0.15	0.43	0.01	0.05	7.01	0.0	0.03	0.0	0.36	0.08	14.21	0.01	1.41	0.34	22.27	BayesPrism
SRR10192302	0.0	0.0	0.08	0.0	0.0	0.0	7.14	0.0	36.54	0.0	0.0	0.0	0.06	0.0	0.0	0.14	7.96	0.01	0.04	6.83	0.0	0.14	0.03	0.2	0.07	10.07	0.01	2.12	0.03	28.5	BayesPrism
SRR10192319	0.0	0.0	0.0	0.0	0.0	0.0	23.38	0.0	39.69	0.0	0.0	0.0	0.01	0.0	0.0	0.16	1.41	0.01	0.04	3.19	0.0	0.04	0.02	0.18	0.04	10.79	0.0	1.25	0.01	19.77	BayesPrism
SRR10192272	0.0	0.0	0.0	0.0	0.0	0.0	8.37	0.0	20.0	0.0	0.0	0.0	0.07	0.0	0.0	0.18	1.65	0.04	0.16	9.15	0.0	0.5	0.04	0.62	0.25	33.29	0.06	2.68	0.15	22.77	BayesPrism
SRR10192288	0.0	0.0	0.0	0.0	0.0	0.0	16.86	0.0	33.63	0.0	0.0	0.0	0.03	0.0	0.0	0.17	6.52	0.05	0.07	6.29	0.01	0.08	0.01	0.26	0.07	6.66	0.01	2.69	0.06	26.52	BayesPrism
SRR10192443	0.0	0.0	0.0	0.0	0.0	0.0	12.81	0.0	29.2	0.0	0.0	0.0	0.01	0.0	0.0	0.04	2.1	0.02	0.07	5.61	0.0	0.06	0.01	0.29	0.14	26.81	0.01	1.19	0.05	21.57	BayesPrism
SRR10192305	0.0	0.0	0.0	0.0	0.0	0.0	4.24	0.0	12.42	0.0	0.0	0.0	0.12	0.0	0.0	0.22	3.11	0.08	0.71	15.94	0.02	1.3	1.26	1.13	0.59	29.26	0.04	7.05	0.81	21.71	BayesPrism
SRR10192466	0.01	0.0	0.05	0.0	0.01	0.16	12.82	0.02	22.31	0.0	0.0	0.0	0.01	0.0	0.0	0.19	17.02	0.01	0.07	10.59	0.0	0.01	0.01	0.21	0.06	1.09	0.01	3.14	0.27	31.93	BayesPrism
SRR10192477	0.0	0.0	3.5	0.0	0.0	0.0	0.11	0.34	35.86	0.0	0.0	0.0	0.01	0.0	0.0	0.07	17.43	0.0	0.04	9.29	0.0	0.01	0.0	0.12	0.03	3.79	0.0	3.53	0.0	25.86	BayesPrism
SRR10192325	0.01	0.0	0.01	0.01	2.57	30.54	0.01	0.36	29.25	0.02	0.13	0.24	0.02	1.28	13.7	0.17	0.16	0.0	0.02	0.01	0.0	0.0	0.02	0.01	0.01	1.42	0.0	1.56	0.0	18.48	BayesPrism
SRR10192328	14.37	0.0	3.85	0.11	8.51	0.0	0.0	2.22	11.9	2.24	2.03	1.24	0.03	1.58	13.85	0.3	0.03	0.01	0.02	0.0	0.0	0.0	0.0	0.09	0.0	0.0	0.01	3.73	0.01	33.84	BayesPrism
SRR10192419	0.0	0.0	0.01	0.0	0.0	0.0	0.71	0.0	28.5	0.0	0.0	0.0	0.07	0.0	0.0	0.15	20.62	0.0	0.11	19.14	0.0	0.04	0.01	0.11	0.07	11.51	0.0	1.88	0.01	17.06	BayesPrism
SRR10192281	0.0	0.0	0.0	0.0	0.0	0.0	16.8	0.0	28.04	0.0	0.0	0.0	0.14	0.0	0.0	0.12	1.22	0.09	0.2	5.21	0.01	0.96	0.37	0.79	0.49	14.23	0.07	4.26	0.37	26.62	BayesPrism
SRR10192337	0.02	0.0	0.0	0.0	4.62	0.0	0.0	1.25	1.7	0.0	0.12	4.75	0.01	4.25	61.08	0.01	0.0	0.01	0.0	0.0	0.0	0.0	0.0	0.02	0.01	0.0	0.0	1.49	0.0	20.64	BayesPrism
SRR10192296	0.0	0.0	0.0	0.0	0.0	0.0	22.09	0.0	29.73	0.0	0.0	0.0	0.02	0.0	0.0	0.18	1.04	0.02	0.05	5.25	0.01	0.15	0.0	0.4	0.14	12.6	0.02	1.87	0.2	26.23	BayesPrism
SRR10192285	0.0	0.0	2.46	0.01	0.0	0.01	8.28	0.0	24.95	0.01	0.01	0.04	0.02	0.0	0.0	0.04	6.82	0.0	0.03	6.6	0.0	0.0	0.01	0.23	0.02	7.89	0.0	2.3	2.41	37.87	BayesPrism
SRR10192298	2.66	0.0	1.48	0.0	0.26	0.82	8.81	0.02	37.24	0.32	0.08	0.44	0.04	0.23	1.58	0.14	6.06	0.01	0.03	2.75	0.0	0.0	0.01	0.08	0.04	0.74	0.02	2.75	0.01	33.39	BayesPrism
SRR10192314	0.0	0.01	0.0	0.0	0.0	0.48	12.22	0.0	37.51	0.0	0.0	0.0	0.0	0.0	0.0	0.14	5.59	0.01	0.08	6.0	0.0	0.02	0.0	0.28	0.02	8.75	0.02	2.05	0.02	26.77	BayesPrism
SRR10192433	0.0	0.02	1.69	0.0	0.0	0.0	4.4	0.0	15.96	0.0	0.0	0.0	0.31	0.0	0.0	0.25	9.57	0.16	0.53	9.88	0.03	3.31	1.03	1.66	0.95	16.07	0.08	8.36	0.92	24.81	BayesPrism
SRR10192449	0.0	0.0	1.19	0.0	0.01	0.0	6.66	0.0	27.53	0.0	0.0	0.0	0.01	0.0	0.0	0.09	12.85	0.01	0.06	6.46	0.0	0.15	0.02	0.37	0.16	14.5	0.01	2.63	0.04	27.22	BayesPrism
SRR10192313	0.0	0.01	1.03	0.0	0.0	0.0	10.39	0.0	29.55	0.0	0.0	0.0	0.09	0.0	0.0	0.18	14.0	0.02	0.08	5.0	0.0	0.29	0.02	0.35	0.14	11.22	0.0	3.1	0.14	24.38	BayesPrism
SRR10192333	3.0	0.0	13.14	4.95	3.74	0.0	0.0	0.39	8.89	3.83	0.0	0.0	0.04	0.0	0.0	0.24	20.75	0.01	0.09	0.01	0.0	0.0	0.0	0.01	0.01	1.6	0.02	4.0	0.04	35.23	BayesPrism
SRR10192329	0.0	0.0	8.43	1.71	2.83	0.0	0.0	0.54	8.24	0.77	0.0	0.0	0.14	0.0	0.0	0.16	19.29	0.04	0.17	0.0	0.01	0.54	0.14	0.36	0.25	12.97	0.05	5.82	0.61	36.92	BayesPrism
SRR10192492	0.0	0.0	0.0	0.0	0.0	0.0	14.11	0.0	22.3	0.0	0.0	0.0	0.13	0.0	0.0	0.09	3.13	0.03	0.24	6.07	0.0	0.95	0.19	0.98	0.31	18.57	0.07	4.45	0.74	27.62	BayesPrism
SRR10192321	0.0	0.0	0.0	0.0	0.0	0.0	19.88	0.0	25.84	0.0	0.0	0.0	0.08	0.0	0.0	0.21	0.02	0.05	0.17	4.4	0.0	0.98	0.2	0.99	0.38	13.39	0.06	3.6	0.24	29.52	BayesPrism
SRR10192269	0.0	0.0	0.01	0.0	0.0	0.01	12.64	0.0	32.93	0.0	0.0	0.01	0.01	0.0	0.0	0.22	6.36	0.01	0.05	7.66	0.0	0.01	0.02	0.18	0.09	7.87	0.02	2.14	0.03	29.7	BayesPrism
SRR10192283	0.0	0.01	0.0	0.0	0.0	0.0	13.95	0.0	36.44	0.0	0.0	0.0	0.0	0.0	0.0	0.1	0.81	0.02	0.03	3.83	0.0	0.01	0.0	0.3	0.16	14.35	0.01	1.2	0.02	28.75	BayesPrism
SRR10192495	0.0	0.0	3.91	0.01	0.01	0.0	4.16	0.09	22.68	0.09	0.0	0.0	0.48	0.0	0.0	0.16	8.81	0.03	0.21	2.92	0.01	1.31	0.02	0.83	0.59	5.67	0.08	7.52	4.35	36.08	BayesPrism
SRR10192277	0.0	0.01	0.0	0.0	0.0	0.0	13.47	0.0	23.09	0.0	0.0	0.0	0.25	0.0	0.0	0.39	0.0	0.2	0.66	3.29	0.01	3.84	2.3	1.81	2.88	11.68	0.34	10.13	1.51	24.13	BayesPrism
SRR10192427	0.0	0.0	0.0	0.0	0.0	0.0	22.03	0.0	30.03	0.0	0.0	0.0	0.17	0.0	0.0	0.07	0.65	0.15	0.14	4.09	0.01	0.57	0.01	0.58	0.53	15.53	0.04	2.59	0.07	22.72	BayesPrism
SRR10192295	0.0	0.0	0.0	0.0	0.0	0.0	18.98	0.0	25.47	0.0	0.0	0.0	0.05	0.0	0.0	0.15	0.0	0.05	0.27	3.12	0.01	1.37	0.39	1.3	0.58	16.82	0.11	4.49	0.63	26.21	BayesPrism
SRR10192332	0.0	0.02	0.02	0.01	1.38	5.08	11.44	0.21	25.52	0.0	0.01	0.0	0.2	0.0	0.0	0.35	13.81	0.03	0.34	3.48	0.02	0.56	0.41	0.43	0.69	2.99	0.06	5.69	0.48	26.77	BayesPrism
SRR10192322	0.0	0.01	0.01	0.0	0.41	16.13	5.0	0.0	33.53	0.0	0.0	0.0	0.12	0.0	0.0	0.2	8.88	0.02	0.18	5.35	0.0	0.08	0.44	0.02	0.09	0.78	0.01	4.11	0.07	24.53	BayesPrism
SRR10192326	0.0	0.06	0.01	0.0	0.37	0.0	2.53	0.0	10.14	0.0	0.0	0.0	0.33	0.0	0.0	0.23	9.54	0.14	0.81	8.22	0.04	2.98	2.81	1.16	1.19	26.83	0.1	8.49	0.69	23.33	BayesPrism
SRR10192340	0.43	0.01	0.01	21.83	6.77	7.86	0.0	0.22	13.7	0.0	1.43	0.0	0.07	0.29	5.6	0.34	5.59	0.0	0.17	0.0	0.01	0.0	0.0	0.32	0.05	0.01	0.04	4.99	0.12	30.12	BayesPrism
SRR10192339	0.0	0.04	2.12	0.0	0.39	1.81	7.1	0.0	18.2	0.0	0.0	0.0	0.05	0.0	0.0	0.18	20.09	0.03	0.29	12.75	0.0	0.39	0.28	0.37	0.31	2.92	0.06	4.67	0.37	27.55	BayesPrism
SRR10192330	0.0	0.0	0.01	0.0	0.44	4.93	12.76	0.0	25.97	0.0	0.0	0.0	0.13	0.0	0.0	0.26	17.15	0.02	0.25	5.32	0.02	0.5	0.1	0.25	0.33	3.59	0.03	6.78	0.19	20.95	BayesPrism
SRR10192331	0.0	0.06	9.04	0.03	1.18	0.0	0.0	0.23	7.01	3.91	0.0	0.0	0.3	0.0	0.0	0.22	11.78	0.05	0.39	0.36	0.03	4.48	0.07	1.18	1.66	1.34	0.19	14.6	4.22	37.66	BayesPrism
SRR10192300	0.0	0.0	1.01	0.01	0.19	0.01	8.19	0.56	23.75	0.0	0.0	0.0	0.5	0.0	0.0	0.27	14.05	0.09	0.28	4.41	0.02	2.33	1.73	0.78	1.11	2.55	0.09	8.35	0.56	29.16	BayesPrism
SRR10192309	0.0	0.02	0.0	0.0	0.0	0.0	23.14	0.0	23.8	0.0	0.0	0.0	0.29	0.0	0.0	0.19	0.04	0.25	0.45	3.78	0.02	2.17	0.92	1.31	0.75	14.84	0.13	6.53	0.39	21.0	BayesPrism
SRR10192341	0.0	0.0	0.0	0.0	0.0	1.46	13.5	0.0	24.32	0.0	0.0	0.0	0.12	0.0	0.0	1.11	8.74	0.01	0.99	17.65	0.01	0.23	3.66	0.32	0.23	3.98	0.04	6.29	3.34	13.99	BayesPrism
SRR10192324	0.0	0.02	0.0	0.0	1.25	0.01	9.58	0.0	5.86	0.0	0.0	0.0	0.38	0.14	0.54	0.19	10.21	0.12	0.87	8.58	0.03	1.39	1.56	0.5	0.69	32.18	0.06	5.95	0.62	19.26	BayesPrism
SRR10192169	0.0	0.0	18.65	0.0	0.0	0.0	0.0	0.0	36.22	0.0	0.0	0.0	0.44	0.0	0.0	0.0	13.62	0.0	0.0	2.1	0.0	0.0	0.0	0.0	0.0	4.94	0.0	7.46	0.0	16.56	MuSiC
SRR10192352	0.0	0.0	5.76	0.0	0.0	0.0	3.48	0.0	59.14	0.0	0.0	0.0	0.12	0.0	0.0	0.0	3.47	0.0	0.0	3.22	0.0	0.0	0.0	0.08	0.0	8.8	0.0	9.2	0.0	6.74	MuSiC
SRR10192297	0.0	0.0	0.0	0.0	0.0	0.0	5.36	0.0	75.82	0.0	0.0	0.0	0.06	0.0	0.0	0.0	0.0	0.0	0.0	1.05	0.0	0.05	0.0	0.13	0.0	9.11	0.0	3.97	0.0	4.46	MuSiC
SRR10192502	0.0	0.0	21.94	0.0	0.0	0.0	0.0	0.0	29.69	0.0	0.0	0.0	0.29	0.0	0.0	0.0	19.5	0.0	0.0	2.32	0.0	0.0	0.0	0.0	0.0	9.99	0.0	3.02	0.0	13.25	MuSiC
SRR10192438	0.0	0.0	0.94	0.0	0.0	0.0	12.7	0.0	45.15	0.0	0.0	0.0	2.25	0.0	0.0	0.0	5.34	0.0	0.0	2.79	0.0	0.0	0.0	0.12	0.0	13.09	0.0	5.19	0.0	12.43	MuSiC
SRR10192353	0.0	0.0	14.33	0.0	0.0	0.0	0.0	0.0	47.5	0.0	0.0	0.0	0.24	0.0	0.0	0.0	7.45	0.0	0.0	3.6	0.0	0.0	0.0	0.0	0.0	8.71	0.0	4.86	0.0	13.32	MuSiC
SRR10192434	0.0	0.0	3.33	0.0	0.0	0.0	10.31	0.0	50.91	0.0	0.0	0.0	0.2	0.0	0.0	0.0	3.71	0.0	0.0	2.53	0.0	0.0	0.0	0.32	0.0	10.93	0.0	7.59	0.0	10.19	MuSiC
SRR10192498	0.0	0.0	24.01	0.0	0.0	0.0	0.0	0.0	35.87	0.0	0.0	0.0	0.03	0.0	0.0	0.0	15.42	0.0	0.0	2.51	0.0	0.0	0.0	0.0	0.0	4.15	0.0	4.86	0.0	13.16	MuSiC
SRR10192428	0.0	0.0	1.65	0.0	0.0	0.0	6.15	0.0	60.67	0.0	0.0	0.0	0.11	0.0	0.0	0.0	5.05	0.0	0.0	3.46	0.0	0.0	0.0	0.12	0.0	8.77	0.0	6.05	0.0	7.97	MuSiC
SRR10192447	0.0	0.0	9.54	0.0	0.0	0.0	3.31	0.0	44.98	0.0	0.0	0.0	0.33	0.0	0.0	0.0	6.45	0.0	0.0	5.97	0.0	0.0	0.0	0.12	0.0	13.6	0.0	9.9	0.0	5.79	MuSiC
SRR10192355	0.0	0.0	2.55	0.0	0.0	0.0	4.59	0.0	61.63	0.0	0.0	0.0	0.77	0.0	0.0	0.0	3.38	0.0	0.0	3.68	0.0	0.0	0.0	0.05	0.0	8.01	0.0	7.97	0.0	7.37	MuSiC
SRR10192436	0.0	0.0	13.92	0.0	0.0	0.0	0.0	0.0	53.26	0.0	0.0	0.0	0.16	0.0	0.0	0.0	13.14	0.0	0.0	2.15	0.0	0.0	0.0	0.0	0.0	6.2	0.0	2.23	0.0	8.93	MuSiC
SRR10192291	0.0	0.0	7.95	0.0	0.0	0.0	4.27	0.0	37.27	0.0	0.0	0.0	0.12	0.0	0.0	0.0	6.58	0.0	0.0	11.4	0.0	0.0	0.0	0.13	0.0	18.5	0.0	4.17	0.0	9.61	MuSiC
SRR10192354	0.0	0.0	4.53	0.0	0.0	0.0	6.5	0.0	62.17	0.0	0.0	0.0	0.02	0.0	0.0	0.01	4.62	0.0	0.0	4.09	0.0	0.0	0.0	0.03	0.0	5.82	0.0	4.09	0.04	8.08	MuSiC
SRR10192437	0.0	0.0	3.5	0.0	0.0	0.0	6.35	0.0	57.09	0.0	0.0	0.0	0.12	0.0	0.0	0.0	3.2	0.0	0.0	3.64	0.0	0.0	0.0	0.18	0.0	8.23	0.0	8.15	0.0	9.54	MuSiC
SRR10192479	0.0	0.0	15.18	0.0	0.0	0.0	1.14	0.0	48.91	0.0	0.0	0.0	0.25	0.0	0.0	0.0	10.81	0.0	0.0	1.83	0.0	0.0	0.0	0.0	0.0	5.12	0.0	2.85	0.0	13.9	MuSiC
SRR10192431	0.06	0.0	6.73	0.0	0.0	0.0	16.95	0.0	38.02	0.0	0.0	0.0	0.55	0.0	0.0	0.0	10.39	0.0	0.0	5.94	0.0	0.0	0.0	0.01	0.0	7.83	0.0	4.36	0.01	9.16	MuSiC
SRR10192276	0.0	0.0	9.49	0.0	0.0	0.0	1.3	0.0	41.26	0.0	0.0	0.0	0.14	0.0	0.0	0.0	3.9	0.0	0.0	10.0	0.0	0.0	0.0	0.22	0.0	18.31	0.0	8.69	0.0	6.69	MuSiC
SRR10192441	0.0	0.0	0.59	0.0	0.0	0.0	9.93	0.0	59.27	0.0	0.0	0.0	0.12	0.0	0.0	0.0	2.9	0.0	0.0	4.19	0.0	0.0	0.0	0.08	0.0	7.35	0.0	5.04	0.0	10.53	MuSiC
SRR10192413	0.0	0.0	3.33	0.0	0.0	0.0	5.97	0.0	51.62	0.0	0.0	0.0	0.06	0.0	0.0	0.0	6.27	0.0	0.0	4.61	0.0	0.0	0.0	0.05	0.0	9.8	0.0	8.98	0.0	9.3	MuSiC
SRR10192347	0.0	0.0	12.62	0.0	0.0	0.0	0.45	0.0	34.95	0.0	0.0	0.0	0.27	0.0	0.0	0.0	7.15	0.0	0.0	10.72	0.0	0.0	0.0	0.07	0.0	7.98	0.0	3.3	0.0	22.48	MuSiC
SRR10192318	0.0	0.0	8.23	0.0	0.0	0.0	6.45	0.0	38.36	0.0	0.0	0.0	0.49	0.0	0.0	0.0	6.28	0.0	0.0	7.07	0.0	0.0	0.0	0.05	0.0	12.35	0.0	7.52	0.0	13.21	MuSiC
SRR10192357	0.0	0.0	3.59	0.0	0.0	0.0	11.69	0.0	59.54	0.0	0.0	0.0	0.04	0.0	0.0	0.0	2.26	0.0	0.0	1.61	0.0	0.0	0.0	0.29	0.0	8.51	0.0	2.77	0.0	9.69	MuSiC
SRR10192465	0.0	0.0	13.06	0.0	0.0	0.0	0.0	0.0	52.61	0.0	0.0	0.0	0.06	0.0	0.0	0.0	6.12	0.0	0.0	2.47	0.0	0.0	0.0	0.08	0.0	5.87	0.0	3.32	0.0	16.4	MuSiC
SRR10192415	0.0	0.0	1.09	0.0	0.0	0.0	17.71	0.0	53.86	0.0	0.0	0.0	0.25	0.0	0.0	0.0	3.29	0.0	0.0	2.51	0.0	0.0	0.0	0.08	0.0	4.14	0.0	2.17	0.0	14.89	MuSiC
SRR10192294	0.0	0.0	3.22	0.0	0.0	0.0	9.52	0.0	43.3	0.0	0.0	0.0	0.19	0.0	0.0	0.0	6.12	0.0	0.0	6.47	0.0	0.0	0.0	0.16	0.0	15.98	0.0	3.84	0.0	11.21	MuSiC
SRR10192171	0.0	0.0	8.69	0.0	0.0	0.0	0.92	0.0	56.49	0.0	0.0	0.0	0.3	0.0	0.0	0.0	6.0	0.0	0.0	4.64	0.0	0.0	0.0	0.0	0.0	7.84	0.0	4.84	0.0	10.28	MuSiC
SRR10192481	0.0	0.0	7.53	0.0	0.0	0.0	3.39	0.0	59.75	0.0	0.0	0.0	0.11	0.0	0.0	0.0	5.48	0.0	0.0	3.53	0.0	0.0	0.0	0.02	0.0	3.9	0.0	2.1	0.0	14.19	MuSiC
SRR10192343	0.0	0.0	7.23	0.0	0.0	0.0	0.0	0.0	37.65	0.0	0.0	0.0	0.16	0.0	0.0	0.0	9.48	0.0	0.0	9.07	0.0	0.0	0.0	0.0	0.0	13.71	0.0	6.1	0.0	16.59	MuSiC
SRR10192345	0.0	0.0	3.27	0.0	0.0	0.0	8.12	0.0	56.28	0.0	0.0	0.0	0.12	0.0	0.0	0.0	2.08	0.0	0.0	2.34	0.0	0.0	0.0	0.17	0.0	8.29	0.0	4.11	0.0	15.21	MuSiC
SRR10192165	0.0	0.0	17.22	0.0	0.0	0.0	0.0	0.0	34.61	0.0	0.0	0.0	0.04	0.0	0.0	0.0	13.56	0.0	0.0	4.26	0.0	0.0	0.0	0.0	0.0	9.33	0.0	8.79	0.0	12.19	MuSiC
SRR10192350	0.0	0.0	9.65	0.0	0.0	0.0	3.67	0.0	39.95	0.0	0.0	0.0	1.13	0.0	0.0	0.0	6.4	0.0	0.0	8.28	0.0	0.0	0.0	0.0	0.0	15.86	0.0	5.54	0.0	9.52	MuSiC
SRR10192490	0.0	0.0	8.75	0.0	0.0	0.0	5.6	0.0	50.24	0.0	0.0	0.0	0.14	0.0	0.0	0.0	5.68	0.0	0.0	2.48	0.0	0.0	0.0	0.09	0.0	6.61	0.0	5.65	0.0	14.76	MuSiC
SRR10192487	0.0	0.0	10.39	0.0	0.0	0.0	0.0	0.0	56.37	0.0	0.0	0.0	0.03	0.0	0.0	0.0	13.49	0.0	0.0	3.37	0.0	0.0	0.0	0.0	0.0	3.87	0.0	6.21	0.0	6.27	MuSiC
SRR10192422	0.0	0.0	8.02	0.0	0.0	0.0	4.29	0.0	49.34	0.0	0.0	0.0	0.3	0.0	0.0	0.0	5.13	0.0	0.0	4.13	0.0	0.0	0.0	0.34	0.0	10.53	0.0	5.52	0.0	12.41	MuSiC
SRR10192166	0.0	0.0	14.41	0.0	0.0	0.0	0.0	0.0	49.94	0.0	0.0	0.0	0.07	0.0	0.0	0.0	13.58	0.0	0.0	2.44	0.0	0.0	0.0	0.0	0.0	2.46	0.0	4.72	0.0	12.38	MuSiC
SRR10192282	0.0	0.0	0.77	0.0	0.23	0.0	5.2	0.0	68.07	0.0	0.0	0.0	0.3	0.0	0.0	0.0	3.36	0.0	0.02	2.02	0.0	0.0	0.0	0.22	0.0	7.1	0.0	2.81	0.0	9.91	MuSiC
SRR10192304	0.0	0.0	3.79	0.0	0.0	0.0	8.43	0.0	41.83	0.0	0.0	0.0	0.35	0.0	0.0	0.0	9.45	0.0	0.0	3.9	0.0	0.0	0.0	0.04	0.0	16.0	0.0	4.53	0.0	11.67	MuSiC
SRR10192468	0.0	0.0	19.44	0.0	0.0	0.0	0.0	0.0	45.94	0.0	0.0	0.0	0.27	0.0	0.0	0.0	10.53	0.0	0.0	2.91	0.0	0.0	0.0	0.0	0.0	2.3	0.0	7.87	0.0	10.73	MuSiC
SRR10192349	0.0	0.0	5.8	0.0	0.0	0.0	9.81	0.0	56.3	0.0	0.0	0.0	0.57	0.0	0.0	0.0	2.38	0.0	0.0	1.0	0.0	0.0	0.0	0.16	0.0	8.97	0.0	2.66	0.0	12.36	MuSiC
SRR10192461	0.0	0.0	7.57	0.0	2.02	0.0	3.19	0.0	44.87	0.0	0.0	0.0	0.7	0.0	0.0	0.0	7.23	0.0	0.0	3.17	0.0	0.0	0.0	0.26	0.0	9.43	0.0	6.57	0.0	14.98	MuSiC
SRR10192453	0.0	0.0	11.07	0.0	0.06	0.0	3.28	0.0	51.53	0.0	0.0	0.0	0.22	0.0	0.0	0.0	3.25	0.0	0.0	5.23	0.0	0.01	0.0	0.2	0.0	14.48	0.0	2.77	0.01	7.88	MuSiC
SRR10192459	0.0	0.0	3.12	0.0	0.0	0.0	5.35	0.0	59.49	0.0	0.0	0.0	1.68	0.0	0.0	0.0	4.56	0.0	0.0	3.6	0.0	0.07	0.0	0.0	0.0	7.78	0.0	4.16	0.0	10.2	MuSiC
SRR10192475	0.0	0.0	13.32	0.0	0.0	0.0	0.0	0.0	54.85	0.0	0.0	0.0	0.5	0.0	0.0	0.0	8.23	0.0	0.0	3.08	0.0	0.0	0.0	0.0	0.0	1.64	0.0	6.31	0.0	12.07	MuSiC
SRR10192424	0.0	0.0	3.89	0.0	0.0	0.0	11.7	0.0	57.57	0.0	0.0	0.0	0.26	0.0	0.0	0.0	3.32	0.0	0.0	1.96	0.0	0.0	0.0	0.22	0.0	7.22	0.0	2.5	0.0	11.35	MuSiC
SRR10192416	0.0	0.0	8.06	0.0	0.04	0.0	6.73	0.0	62.43	0.0	0.0	0.0	1.31	0.0	0.0	0.0	4.55	0.0	0.0	1.1	0.0	0.0	0.0	0.04	0.0	5.87	0.0	0.99	0.0	8.87	MuSiC
SRR10192173	0.0	0.0	5.51	0.0	1.53	0.0	1.43	0.0	52.05	0.0	0.0	0.0	0.35	0.0	0.0	0.0	5.64	0.0	0.0	3.32	0.0	0.0	0.0	0.06	0.0	9.54	0.0	5.98	0.0	14.58	MuSiC
SRR10192320	0.0	0.0	5.12	0.0	0.0	0.0	6.74	0.0	63.57	0.0	0.0	0.0	0.09	0.0	0.0	0.0	3.83	0.0	0.0	2.03	0.0	0.01	0.0	0.16	0.0	4.67	0.0	2.68	0.0	11.08	MuSiC
SRR10192327	8.29	0.0	0.01	0.0	46.62	0.05	0.0	0.0	24.33	0.28	0.06	0.0	1.31	0.02	6.85	0.13	0.33	0.0	0.03	0.0	0.0	0.0	0.0	0.03	0.1	1.53	0.01	0.6	0.0	9.43	MuSiC
SRR10192486	0.0	0.0	12.11	0.0	0.0	0.0	7.38	0.0	47.8	0.0	0.0	0.0	0.12	0.0	0.0	0.0	4.06	0.0	0.0	2.99	0.0	0.0	0.0	0.05	0.0	7.02	0.0	6.14	0.0	12.33	MuSiC
SRR10192426	0.0	0.0	13.8	0.0	0.0	0.0	0.91	0.0	44.61	0.0	0.0	0.0	0.26	0.0	0.0	0.0	6.52	0.0	0.0	4.86	0.0	0.0	0.0	0.34	0.0	6.69	0.0	5.22	0.0	16.78	MuSiC
SRR10192342	0.0	0.0	18.73	0.0	5.42	0.0	0.0	0.0	45.74	0.0	0.0	0.0	0.06	0.0	0.0	0.0	12.49	0.0	0.13	1.16	0.0	0.0	0.0	0.03	0.0	2.73	0.0	3.75	0.01	9.75	MuSiC
SRR10192308	0.0	0.0	5.56	0.0	0.0	0.0	9.74	0.0	44.62	0.0	0.0	0.0	0.37	0.0	0.0	0.0	4.55	0.0	0.0	8.85	0.0	0.03	0.0	0.4	0.0	9.17	0.0	3.98	0.01	12.71	MuSiC
SRR10192493	0.0	0.0	12.32	0.0	0.0	0.0	1.56	0.0	67.43	0.0	0.0	0.0	0.14	0.0	0.0	0.0	3.54	0.0	0.0	0.07	0.0	0.0	0.0	0.1	0.0	0.09	0.0	1.01	0.0	13.72	MuSiC
SRR10192420	0.0	0.0	0.94	0.0	0.0	0.0	16.37	0.0	48.42	0.0	0.0	0.0	0.85	0.0	0.0	0.01	0.04	0.0	0.0	4.6	0.0	0.01	0.0	0.25	0.0	6.26	0.0	1.22	0.0	21.03	MuSiC
SRR10192292	0.0	0.0	2.35	0.0	0.0	0.0	10.02	0.0	52.72	0.05	0.0	0.0	0.13	0.0	0.0	0.01	3.06	0.0	0.0	2.72	0.0	0.01	0.0	0.37	0.0	6.52	0.0	3.31	0.0	18.72	MuSiC
SRR10192356	0.0	0.0	2.53	0.0	9.07	0.01	0.0	0.0	44.71	0.0	0.0	0.0	0.11	0.0	0.0	0.0	11.68	0.0	0.0	5.86	0.0	0.0	0.0	0.12	0.0	3.85	0.0	7.39	0.0	14.67	MuSiC
SRR10192500	0.54	0.0	3.54	0.0	5.56	0.0	1.3	0.0	46.74	0.0	0.0	0.0	0.03	0.0	0.0	0.0	10.46	0.0	0.0	5.13	0.0	0.0	0.0	0.05	0.0	9.24	0.0	7.79	0.0	9.64	MuSiC
SRR10192299	0.0	0.0	2.46	0.0	0.0	0.0	10.27	0.0	55.75	0.0	0.0	0.0	0.1	0.0	0.0	0.0	1.08	0.0	0.0	2.06	0.0	0.0	0.0	0.21	0.0	2.76	0.0	3.99	0.0	21.31	MuSiC
SRR10192316	0.01	0.0	2.61	0.0	0.0	0.0	10.24	0.0	57.19	0.0	0.0	0.0	0.65	0.0	0.0	0.01	3.72	0.0	0.01	2.38	0.0	0.02	0.0	0.0	0.0	2.58	0.0	2.59	0.0	18.01	MuSiC
SRR10192445	0.0	0.0	11.27	0.0	0.0	0.0	0.0	0.0	47.58	0.0	0.0	0.0	0.88	0.0	0.0	0.0	5.01	0.0	0.0	5.34	0.0	0.0	0.0	0.0	0.0	15.41	0.0	5.88	0.0	8.63	MuSiC
SRR10192270	0.0	0.0	6.89	0.0	0.0	0.0	8.56	0.0	43.3	0.0	0.0	0.0	0.15	0.0	0.0	0.0	5.46	0.0	0.0	3.28	0.0	0.0	0.0	0.11	0.0	10.14	0.0	4.37	0.0	17.74	MuSiC
SRR10192315	0.0	0.0	0.0	0.0	0.0	0.0	15.16	0.0	56.94	0.0	0.0	0.0	0.12	0.0	0.0	0.0	1.13	0.0	0.01	1.2	0.0	0.0	0.0	0.36	0.0	5.21	0.0	4.69	0.02	15.14	MuSiC
SRR10192488	0.0	0.0	2.63	0.0	0.0	0.0	15.36	0.0	35.09	0.0	0.0	0.0	0.2	0.0	0.0	0.0	4.73	0.01	0.08	6.86	0.05	0.07	0.0	0.41	0.0	9.95	0.0	8.54	0.31	15.73	MuSiC
SRR10192310	0.0	0.0	5.74	0.0	0.0	0.0	10.2	0.0	54.55	0.0	0.0	0.0	1.11	0.0	0.0	0.01	3.68	0.0	0.0	1.72	0.0	0.0	0.0	0.15	0.0	8.78	0.0	3.6	0.02	10.45	MuSiC
SRR10192274	0.0	0.0	5.45	0.0	0.05	0.0	4.27	0.0	60.9	0.01	0.0	0.0	0.26	0.0	0.0	0.0	5.85	0.0	0.0	1.93	0.0	0.0	0.0	0.15	0.0	4.89	0.0	4.0	0.01	12.24	MuSiC
SRR10192457	0.0	0.0	1.9	0.0	0.0	0.0	9.26	0.0	59.51	0.0	0.0	0.0	0.18	0.0	0.0	0.0	3.88	0.0	0.0	3.2	0.0	0.0	0.0	0.1	0.0	6.76	0.0	5.16	0.0	10.06	MuSiC
SRR10192483	0.0	0.0	9.39	0.0	0.0	0.0	0.9	0.0	58.11	0.0	0.0	0.0	0.46	0.0	0.0	0.0	6.18	0.0	0.0	3.53	0.0	0.0	0.0	0.0	0.0	8.54	0.0	3.33	0.0	9.56	MuSiC
SRR10192455	0.0	0.0	1.94	0.0	0.0	0.0	9.5	0.0	51.2	0.0	0.0	0.0	1.04	0.0	0.0	0.0	5.84	0.0	0.0	3.55	0.0	0.0	0.0	0.08	0.0	10.79	0.0	6.19	0.0	9.86	MuSiC
SRR10192278	0.0	0.0	0.91	0.0	2.79	0.0	6.57	0.0	55.69	0.0	0.0	0.0	0.02	0.0	0.0	0.0	3.84	0.0	0.03	3.4	0.0	0.0	0.0	0.24	0.0	0.0	0.0	1.62	0.0	24.88	MuSiC
SRR10192286	0.0	0.0	2.43	0.0	0.0	0.0	9.67	0.0	46.03	0.0	0.0	0.0	0.28	0.0	0.0	0.0	3.91	0.0	0.0	3.77	0.0	0.01	0.0	0.29	0.0	13.79	0.0	7.12	0.0	12.71	MuSiC
SRR10192311	0.0	0.0	0.87	0.0	2.95	0.0	5.56	0.0	57.55	0.0	0.0	0.0	0.04	0.0	0.0	0.0	3.17	0.0	0.14	4.61	0.0	0.0	0.0	0.36	0.0	0.39	0.0	3.66	0.01	20.7	MuSiC
SRR10192284	0.0	0.0	3.98	0.0	0.0	0.0	10.76	0.0	58.94	0.0	0.0	0.0	0.4	0.0	0.0	0.0	3.09	0.0	0.01	1.84	0.0	0.0	0.0	0.27	0.0	3.77	0.0	3.68	0.01	13.25	MuSiC
SRR10192280	0.0	0.0	0.0	0.0	0.0	0.0	16.74	0.0	56.55	0.0	0.0	0.0	0.78	0.0	0.0	0.01	1.28	0.01	0.0	1.71	0.0	0.02	0.0	0.08	0.0	4.16	0.0	3.75	0.01	14.9	MuSiC
SRR10192302	0.0	0.0	3.97	0.0	0.0	0.0	3.67	0.0	61.87	0.0	0.0	0.0	0.19	0.0	0.0	0.0	3.48	0.0	0.0	4.64	0.0	0.0	0.0	0.1	0.0	10.15	0.0	1.72	0.0	10.21	MuSiC
SRR10192319	0.0	0.0	0.38	0.0	0.0	0.0	11.51	0.0	61.64	0.0	0.0	0.0	0.16	0.0	0.0	0.0	2.37	0.0	0.01	1.74	0.02	0.01	0.0	0.33	0.0	1.95	0.0	2.64	0.0	17.22	MuSiC
SRR10192272	0.0	0.0	3.02	0.0	0.0	0.0	12.72	0.0	49.06	0.0	0.0	0.0	0.25	0.0	0.0	0.0	4.51	0.0	0.0	2.93	0.0	0.0	0.0	0.32	0.0	13.65	0.0	2.9	0.0	10.63	MuSiC
SRR10192288	0.0	0.0	1.63	0.0	0.0	0.0	13.39	0.0	55.05	0.0	0.0	0.0	0.17	0.0	0.0	0.0	2.02	0.0	0.0	2.31	0.0	0.04	0.0	0.27	0.0	2.2	0.0	2.92	0.09	19.91	MuSiC
SRR10192443	0.0	0.0	0.84	0.0	0.0	0.0	9.79	0.0	55.65	0.0	0.0	0.0	0.44	0.0	0.0	0.0	1.79	0.0	0.0	5.15	0.0	0.0	0.0	0.31	0.0	12.54	0.0	2.68	0.0	10.81	MuSiC
SRR10192305	0.0	0.0	0.92	0.0	0.03	0.0	13.63	0.0	40.47	0.0	0.0	0.0	0.43	0.0	0.0	0.01	6.26	0.01	0.03	5.79	0.01	0.05	0.01	0.61	0.0	11.77	0.0	4.84	0.14	15.0	MuSiC
SRR10192466	0.0	0.0	4.81	0.0	0.09	0.0	11.96	0.0	47.89	0.0	0.0	0.0	0.16	0.0	0.0	0.01	1.64	0.0	0.01	3.18	0.0	0.08	0.0	0.27	0.0	0.05	0.0	3.55	0.01	26.32	MuSiC
SRR10192477	0.0	0.0	6.08	0.0	0.0	0.0	4.56	0.0	54.7	0.0	0.0	0.0	0.33	0.0	0.0	0.0	5.64	0.0	0.0	2.52	0.0	0.0	0.0	0.13	0.0	5.99	0.0	6.15	0.0	13.91	MuSiC
SRR10192325	16.98	0.0	0.0	0.0	30.98	0.73	0.0	0.0	41.58	0.0	0.0	0.0	0.17	0.0	0.0	0.0	0.24	0.0	0.07	0.0	0.01	0.0	0.0	0.07	0.0	1.17	0.0	2.23	0.0	5.77	MuSiC
SRR10192328	14.53	0.0	0.02	0.0	41.15	0.0	0.0	0.0	27.26	0.0	0.07	0.0	0.73	0.0	0.0	0.02	0.44	0.0	0.11	0.05	0.01	0.0	0.0	0.0	0.0	0.06	0.0	4.5	0.0	11.05	MuSiC
SRR10192419	0.0	0.0	5.72	0.0	0.0	0.0	1.85	0.0	57.26	0.0	0.0	0.0	0.1	0.0	0.0	0.0	9.51	0.0	0.0	3.87	0.0	0.0	0.0	0.04	0.0	11.05	0.0	4.46	0.0	6.14	MuSiC
SRR10192281	0.0	0.0	2.28	0.0	0.0	0.0	12.58	0.0	49.5	0.0	0.0	0.0	0.22	0.0	0.0	0.01	2.08	0.0	0.01	2.48	0.01	0.12	0.01	0.36	0.0	6.46	0.0	4.59	0.04	19.26	MuSiC
SRR10192337	0.0	0.0	0.05	0.0	57.52	0.0	0.0	0.0	6.32	0.0	0.0	0.0	0.04	0.16	31.8	0.01	0.0	0.0	0.0	0.0	0.0	0.0	0.0	0.0	0.19	0.01	0.03	0.0	0.0	3.88	MuSiC
SRR10192296	0.0	0.0	1.79	0.0	0.0	0.0	13.5	0.0	50.25	0.0	0.0	0.0	0.27	0.0	0.0	0.0	1.94	0.01	0.0	2.58	0.01	0.0	0.0	0.19	0.0	1.68	0.0	3.23	0.03	24.5	MuSiC
SRR10192285	0.01	0.0	5.57	0.0	0.13	0.0	9.04	0.0	51.08	0.0	0.0	0.0	0.22	0.0	0.0	0.0	0.96	0.0	0.0	1.06	0.01	0.0	0.0	0.22	0.0	0.57	0.0	2.87	0.01	28.25	MuSiC
SRR10192298	0.0	0.0	3.3	0.0	5.38	0.0	3.7	0.0	38.72	0.0	0.0	0.0	0.02	0.0	0.0	0.0	0.0	0.0	0.12	3.55	0.0	0.0	0.0	0.1	0.0	0.0	0.0	7.17	0.0	37.94	MuSiC
SRR10192314	0.0	0.0	1.06	0.0	1.44	0.0	4.45	0.0	56.77	0.0	0.0	0.0	0.64	0.0	0.0	0.0	2.86	0.0	0.09	4.12	0.0	0.0	0.0	0.2	0.0	1.54	0.0	4.12	0.0	22.69	MuSiC
SRR10192433	0.0	0.0	7.25	0.0	0.0	0.0	5.53	0.0	46.54	0.0	0.0	0.0	0.33	0.0	0.0	0.0	5.84	0.0	0.09	3.25	0.02	0.0	0.0	0.64	0.0	13.67	0.0	5.04	0.09	11.71	MuSiC
SRR10192449	0.0	0.0	4.41	0.0	0.0	0.0	7.27	0.0	54.64	0.0	0.0	0.0	0.36	0.0	0.0	0.0	4.72	0.0	0.0	1.71	0.0	0.0	0.0	0.2	0.0	9.87	0.0	4.46	0.0	12.34	MuSiC
SRR10192313	0.0	0.0	5.29	0.0	0.0	0.0	7.57	0.0	53.37	0.0	0.0	0.0	0.66	0.0	0.0	0.0	4.6	0.0	0.01	1.65	0.0	0.04	0.0	0.2	0.0	6.35	0.0	4.04	0.02	16.17	MuSiC
SRR10192333	0.0	0.0	8.71	0.0	4.64	0.0	2.6	0.0	43.8	0.0	0.0	0.0	0.07	0.0	0.0	0.0	9.11	0.0	0.08	3.53	0.0	0.0	0.0	0.07	0.0	5.68	0.0	5.19	0.0	16.52	MuSiC
SRR10192329	0.0	0.0	9.87	0.0	0.11	0.0	0.18	0.0	46.12	0.0	0.0	0.0	0.58	0.0	0.0	0.0	6.74	0.0	0.01	2.39	0.0	0.05	0.0	0.08	0.0	19.54	0.0	3.55	0.0	10.77	MuSiC
SRR10192492	0.0	0.0	3.0	0.0	0.0	0.0	11.05	0.0	51.03	0.0	0.0	0.0	0.12	0.0	0.0	0.0	3.26	0.0	0.01	1.99	0.0	0.09	0.0	0.66	0.0	9.64	0.0	4.49	0.01	14.65	MuSiC
SRR10192321	0.0	0.0	3.21	0.0	0.0	0.0	8.46	0.0	53.3	0.0	0.0	0.0	0.39	0.0	0.0	0.0	0.86	0.0	0.01	1.41	0.0	0.06	0.0	0.28	0.0	7.83	0.0	4.38	0.05	19.73	MuSiC
SRR10192269	0.0	0.0	4.58	0.0	0.34	0.0	5.5	0.0	54.0	0.0	0.0	0.0	0.05	0.0	0.0	0.0	1.87	0.0	0.01	3.73	0.0	0.0	0.0	0.31	0.0	2.48	0.0	2.81	0.01	24.3	MuSiC
SRR10192283	0.0	0.0	1.61	0.0	0.66	0.0	6.54	0.0	56.05	0.0	0.0	0.0	0.53	0.0	0.0	0.0	2.66	0.0	0.02	0.81	0.0	0.0	0.0	0.22	0.0	4.94	0.0	2.64	0.01	23.3	MuSiC
SRR10192495	0.0	0.0	3.95	0.0	0.0	0.0	10.15	0.0	52.11	0.0	0.0	0.0	0.42	0.0	0.0	0.0	2.18	0.0	0.1	1.27	0.01	0.12	0.0	0.32	0.0	4.07	0.0	2.28	0.06	22.96	MuSiC
SRR10192277	0.0	0.0	1.02	0.0	0.0	0.0	9.41	0.0	50.22	0.0	0.0	0.0	0.39	0.0	0.0	0.0	1.82	0.01	0.16	2.5	0.01	0.0	0.0	0.65	0.0	6.04	0.0	4.03	0.16	23.58	MuSiC
SRR10192427	0.0	0.0	0.91	0.0	0.0	0.0	14.51	0.0	56.21	0.0	0.0	0.0	0.27	0.0	0.0	0.0	1.83	0.02	0.06	2.3	0.0	0.07	0.0	0.22	0.0	9.94	0.0	4.34	0.03	9.3	MuSiC
SRR10192295	0.0	0.0	0.34	0.0	0.0	0.0	12.24	0.0	48.58	0.0	0.0	0.0	1.09	0.0	0.0	0.01	0.88	0.0	0.03	3.26	0.01	0.01	0.0	0.34	0.0	5.6	0.0	3.63	0.1	23.89	MuSiC
SRR10192332	0.0	0.0	0.38	0.0	0.18	0.0	13.42	0.0	63.12	0.0	0.0	0.0	0.48	0.0	0.0	0.01	1.74	0.0	0.09	1.22	0.02	0.01	0.0	0.34	0.0	5.67	0.0	2.78	0.01	10.55	MuSiC
SRR10192322	0.0	0.0	2.22	0.0	2.43	0.0	12.23	0.0	56.01	0.0	0.0	0.0	1.71	0.0	0.0	0.0	2.86	0.0	0.05	2.2	0.0	0.0	0.0	0.17	0.0	0.43	0.0	4.46	0.0	15.23	MuSiC
SRR10192326	0.0	0.0	4.98	0.0	0.12	0.0	7.12	0.0	49.59	0.0	0.0	0.0	0.73	0.0	0.0	0.0	3.29	0.0	0.11	2.06	0.03	0.02	0.0	0.18	0.0	20.02	0.0	3.32	0.0	8.42	MuSiC
SRR10192340	3.68	0.0	1.66	0.0	24.3	0.0	7.77	0.0	36.42	0.0	0.0	0.0	0.34	0.0	0.0	0.0	5.4	0.0	0.04	1.56	0.04	0.0	0.0	0.37	0.0	1.35	0.0	8.25	0.0	8.82	MuSiC
SRR10192339	0.0	0.0	7.39	0.0	0.1	0.0	9.87	0.0	51.64	0.0	0.0	0.0	0.63	0.0	0.0	0.0	4.39	0.01	0.04	3.89	0.01	0.01	0.0	0.2	0.0	1.34	0.0	3.27	0.0	17.21	MuSiC
SRR10192330	0.0	0.0	0.0	0.0	0.24	0.0	16.88	0.0	56.27	0.0	0.0	0.0	0.69	0.0	0.0	0.01	4.04	0.0	0.05	2.34	0.01	0.09	0.0	0.28	0.0	1.35	0.0	4.57	0.01	13.15	MuSiC
SRR10192331	0.0	0.0	8.94	0.0	0.0	0.0	7.44	0.0	48.68	0.0	0.0	0.0	0.39	0.0	0.0	0.0	4.02	0.02	0.05	3.72	0.03	0.15	0.0	0.19	0.0	8.52	0.0	5.82	0.02	12.01	MuSiC
SRR10192300	0.0	0.0	0.0	0.0	0.0	0.0	12.14	0.0	62.36	0.0	0.0	0.0	0.36	0.0	0.0	0.0	1.54	0.02	0.15	1.4	0.04	0.22	0.0	0.35	0.0	5.86	0.0	1.83	0.0	13.74	MuSiC
SRR10192309	0.0	0.0	2.12	0.0	0.0	0.0	11.5	0.0	51.27	0.0	0.0	0.0	0.34	0.0	0.0	0.0	1.95	0.02	0.29	1.09	0.03	0.04	0.0	0.8	0.0	7.75	0.0	6.23	0.05	16.53	MuSiC
SRR10192341	0.0	0.0	1.14	0.0	0.12	0.0	18.41	0.0	48.04	0.0	0.0	0.0	0.32	0.0	0.0	0.0	3.82	0.01	0.19	1.69	0.03	0.04	0.01	0.16	0.0	0.0	0.0	7.66	0.03	18.32	MuSiC
SRR10192324	0.0	0.0	3.98	0.0	1.38	0.0	12.1	0.0	42.56	0.0	0.0	0.0	1.0	0.0	0.0	0.0	5.57	0.0	0.11	2.72	0.02	0.04	0.0	0.01	0.0	6.61	0.0	10.08	0.0	13.81	MuSiC
SRR10192169	0.0	0.03	0.0	1.54	4.93	2.8	0.0	0.0	45.24	0.45	0.0	0.0	0.0	0.01	2.11	0.06	2.97	0.0	0.01	0.09	0.0	0.0	0.05	0.11	0.1	33.54	0.0	0.16	0.0	5.82	CIBERSORTx
SRR10192352	0.0	0.0	0.0	1.61	6.58	5.66	0.0	0.0	53.25	0.4	0.0	0.12	0.04	0.07	3.93	0.0	0.4	0.0	0.03	0.22	0.0	0.0	0.01	0.26	1.14	21.43	0.03	0.13	0.0	4.69	CIBERSORTx
SRR10192297	0.0	0.0	0.41	0.0	0.0	1.05	0.0	0.0	67.59	0.25	0.19	0.16	0.0	0.0	0.0	0.02	0.65	0.0	0.02	1.08	0.0	0.0	0.29	0.08	0.65	19.59	0.0	0.0	0.01	7.95	CIBERSORTx
SRR10192502	0.0	0.0	0.0	1.38	13.92	0.58	0.0	0.0	36.29	0.53	0.0	0.91	0.01	0.1	19.15	0.01	1.36	0.0	0.01	0.0	0.0	0.0	0.07	0.05	0.0	21.83	0.0	0.53	0.08	3.18	CIBERSORTx
SRR10192438	0.0	0.0	0.31	0.89	0.0	7.64	0.0	0.0	37.72	3.63	0.0	0.0	0.01	0.0	0.0	0.0	5.67	0.02	0.07	3.77	0.0	0.01	0.0	0.14	1.13	19.21	0.0	0.05	0.1	19.62	CIBERSORTx
SRR10192353	0.0	0.0	0.0	2.93	5.1	5.85	0.0	0.0	46.37	0.01	0.0	0.08	0.03	0.0	0.96	0.15	3.79	0.0	0.03	0.2	0.0	0.0	0.0	0.17	1.1	23.31	0.01	0.11	0.03	9.75	CIBERSORTx
SRR10192434	0.0	0.0	0.36	0.15	0.0	8.41	0.0	0.0	39.36	2.8	0.0	0.09	0.02	0.0	0.0	0.16	6.71	0.0	0.07	3.51	0.0	0.0	0.0	0.2	1.16	25.93	0.0	0.0	0.03	11.05	CIBERSORTx
SRR10192498	0.0	0.05	0.0	0.75	12.59	2.84	0.0	0.0	34.35	0.41	0.0	2.48	0.03	0.08	19.51	0.0	0.2	0.0	0.02	0.0	0.01	0.0	0.17	0.06	0.0	15.9	0.01	0.98	0.0	9.56	CIBERSORTx
SRR10192428	0.0	0.0	0.29	0.0	0.0	6.6	0.0	0.0	51.35	2.84	0.0	0.08	0.02	0.0	0.0	0.03	5.27	0.0	0.09	3.31	0.0	0.0	0.0	0.22	2.6	15.98	0.0	0.0	0.01	11.3	CIBERSORTx
SRR10192447	0.0	0.0	0.0	0.69	1.31	13.38	0.0	0.0	37.89	1.98	0.0	0.0	0.04	0.0	0.0	0.09	4.9	0.0	0.02	1.93	0.0	0.0	0.0	0.19	0.92	31.4	0.01	0.09	0.1	5.08	CIBERSORTx
SRR10192355	0.0	0.04	0.34	1.34	7.64	4.48	0.0	0.0	51.55	0.66	0.0	0.0	0.03	0.03	5.2	0.12	1.58	0.0	0.04	0.21	0.0	0.0	0.0	0.34	0.0	16.7	0.02	0.13	0.0	9.57	CIBERSORTx
SRR10192436	0.0	0.0	0.0	0.0	4.32	6.73	0.0	0.0	44.09	0.9	0.0	1.85	0.0	0.02	0.42	0.07	2.68	0.02	0.0	0.0	0.0	0.06	0.04	0.07	0.87	31.26	0.0	0.05	0.01	6.56	CIBERSORTx
SRR10192291	0.0	0.0	0.0	0.0	0.0	7.6	0.0	0.0	32.71	3.63	0.0	0.0	0.03	0.0	0.0	0.0	3.62	0.0	0.06	5.17	0.0	0.02	0.16	0.18	0.49	33.25	0.01	0.0	0.02	13.06	CIBERSORTx
SRR10192354	0.0	0.0	0.79	0.0	0.0	5.62	0.79	0.0	54.15	2.45	0.0	1.27	0.01	0.0	0.0	0.04	5.96	0.0	0.06	2.57	0.0	0.0	0.0	0.12	1.17	9.45	0.0	0.0	0.09	15.48	CIBERSORTx
SRR10192437	0.0	0.0	0.76	0.0	0.0	4.65	0.0	0.0	51.77	3.34	0.0	0.0	0.02	0.0	0.0	0.01	6.09	0.0	0.07	1.87	0.0	0.0	0.0	0.15	2.81	16.64	0.0	0.0	0.02	11.8	CIBERSORTx
SRR10192479	0.0	0.0	0.0	0.0	2.1	6.49	0.0	0.0	44.47	1.44	0.0	0.07	0.01	0.0	0.36	0.0	4.53	0.0	0.02	0.22	0.0	0.0	0.0	0.07	0.68	26.75	0.0	0.04	0.03	12.7	CIBERSORTx
SRR10192431	0.0	0.0	0.61	6.28	0.0	10.89	14.43	0.0	30.57	0.0	0.0	0.0	0.0	0.0	0.0	0.06	6.32	0.0	0.09	3.72	0.0	0.0	0.0	0.03	3.7	17.06	0.0	0.0	0.05	6.18	CIBERSORTx
SRR10192276	0.0	0.0	0.1	0.0	0.0	8.39	0.0	0.0	37.15	5.6	0.0	0.0	0.02	0.0	0.0	0.05	4.19	0.0	0.1	4.69	0.0	0.0	0.21	0.25	1.45	29.07	0.0	0.0	0.07	8.65	CIBERSORTx
SRR10192441	0.0	0.0	0.56	0.0	0.0	6.95	0.0	0.0	48.83	4.11	0.0	0.0	0.02	0.0	0.0	0.0	8.08	0.0	0.06	3.13	0.0	0.01	0.0	0.0	0.53	14.3	0.0	0.0	0.07	13.34	CIBERSORTx
SRR10192413	0.0	0.0	0.91	0.0	0.0	7.05	0.0	0.0	48.62	2.98	0.0	0.0	0.01	0.0	0.0	0.0	9.02	0.0	0.06	2.55	0.0	0.02	0.0	0.09	0.56	10.24	0.0	0.0	0.02	17.86	CIBERSORTx
SRR10192347	0.0	0.0	0.27	0.0	0.0	6.55	0.0	0.0	32.37	3.74	0.0	0.0	0.02	0.0	0.0	0.01	6.07	0.0	0.03	3.19	0.0	0.01	0.0	0.07	2.38	26.53	0.0	0.0	0.04	18.71	CIBERSORTx
SRR10192318	0.0	0.0	0.0	0.0	0.0	11.87	0.0	0.0	37.35	1.84	0.0	0.28	0.0	0.0	0.0	0.0	5.22	0.0	0.03	3.57	0.0	0.0	0.0	0.05	0.63	21.27	0.0	0.01	0.01	17.88	CIBERSORTx
SRR10192357	0.0	0.0	0.0	1.42	3.94	10.43	0.0	0.0	42.45	0.0	0.0	1.05	0.04	0.0	0.54	0.0	4.47	0.0	0.07	1.13	0.0	0.0	0.0	0.24	1.24	16.68	0.01	0.12	0.0	16.14	CIBERSORTx
SRR10192465	0.0	0.0	0.4	2.45	7.45	5.56	0.0	0.0	40.94	0.76	0.0	0.0	0.05	0.0	5.6	0.09	2.2	0.0	0.05	0.39	0.0	0.0	0.18	0.0	0.0	21.07	0.03	0.16	0.0	12.61	CIBERSORTx
