	Adipose	Adrenal gland	Arteries	Bladder	Brain	Breast	FemaleReproductive	Fibroblasts	Lymphocytes	ColonSigmoid	ColonTransverse	Esophagus	EsophagusMucosa	Heart	Kidney	Liver	Lung	SalivaryGland	MuscleSkeletal	NerveTibial	Pancreas	Pituitary	Prostate	Skin	SmallIntestine	Spleen	Stomach	Testis	Thyroid	Whole blood	DeconvolutionTool
SRR10192373	0.0	0.08	0.0	0.0	0.11	0.0	0.0	0.0	0.0	0.0	0.0	0.0	1.56	0.31	0.03	0.9	0.0	2.4	2.11	0.0	0.23	33.03	1.5	5.84	22.85	0.0	0.95	25.23	0.85	2.04	BayesPrism
SRR10192369	0.0	0.0	16.16	0.0	0.0	0.0	0.0	0.14	3.83	3.87	0.0	0.0	0.0	0.0	0.0	0.01	11.84	0.0	0.0	3.51	0.0	0.0	0.0	0.0	0.0	11.9	0.0	2.06	0.0	46.68	BayesPrism
SRR10192389	0.0	0.0	4.96	0.0	0.0	0.0	0.0	0.04	20.49	0.0	0.0	0.0	0.0	0.0	0.0	0.04	12.49	0.0	0.0	7.11	0.0	0.0	0.0	0.0	0.0	0.01	0.0	0.66	0.0	54.18	BayesPrism
SRR10192234	0.73	0.0	8.95	0.0	2.43	0.0	0.0	15.99	0.0	26.72	0.0	0.0	0.0	0.0	0.0	0.01	4.12	0.0	0.0	0.0	0.0	0.0	0.0	0.0	0.0	0.0	0.0	5.15	0.0	35.9	BayesPrism
SRR10192205	0.0	0.0	3.3	0.0	0.0	0.0	6.48	0.0	13.35	0.0	0.0	0.0	0.0	0.0	0.0	0.03	5.27	0.0	0.0	8.75	0.0	0.0	0.0	0.0	0.0	32.62	0.0	0.18	0.0	30.01	BayesPrism
SRR10192188	0.0	0.0	1.4	0.0	0.0	0.0	0.68	0.0	38.73	0.0	0.0	0.0	0.0	0.0	0.0	0.0	3.17	0.0	0.0	9.59	0.0	0.0	0.0	0.0	0.0	19.31	0.0	0.0	0.0	27.09	BayesPrism
SRR10192360	2.24	0.0	13.59	0.0	1.23	0.0	0.0	13.74	3.65	3.56	0.0	0.0	0.0	0.0	0.0	0.0	11.28	0.0	0.0	0.0	0.0	0.0	0.0	0.0	0.0	0.0	0.0	4.88	0.0	45.82	BayesPrism
SRR10192399	2.61	0.0	13.88	0.0	1.07	0.0	0.0	9.46	11.25	3.63	0.0	0.0	0.0	0.0	0.0	0.0	12.7	0.0	0.0	0.0	0.0	0.0	0.0	0.0	0.0	0.0	0.0	4.12	0.0	41.26	BayesPrism
SRR10192362	0.0	0.0	17.83	0.0	0.04	0.0	0.0	1.56	14.19	2.58	0.0	0.0	0.0	0.0	0.0	0.05	18.44	0.0	0.0	0.44	0.0	0.0	0.0	0.0	0.0	0.0	0.0	2.39	0.0	42.46	BayesPrism
SRR10192396	0.0	0.0	5.46	0.0	0.0	0.0	2.9	0.0	11.43	0.0	0.0	0.0	0.0	0.0	0.0	0.07	1.34	0.0	0.0	6.4	0.0	0.0	0.0	0.01	0.0	24.7	0.0	0.42	0.0	47.24	BayesPrism
SRR10192364	0.0	0.0	17.39	0.0	0.14	0.0	0.0	0.0	3.21	2.48	0.0	0.0	0.02	0.0	0.0	0.02	7.58	0.01	0.03	2.74	0.0	0.22	0.0	0.06	0.07	16.85	0.0	2.55	0.07	46.56	BayesPrism
SRR10192176	0.0	0.0	6.01	0.0	0.0	0.0	5.68	0.0	12.43	0.01	0.0	0.0	0.0	0.0	0.0	0.04	5.48	0.0	0.0	9.52	0.0	0.0	0.0	0.0	0.0	33.06	0.0	0.19	0.0	27.56	BayesPrism
SRR10192213	0.0	0.0	0.05	0.0	0.0	0.0	17.05	0.0	18.07	0.0	0.0	0.0	0.0	0.0	0.0	0.04	0.0	0.0	0.0	2.53	0.0	0.0	0.0	0.0	0.0	32.06	0.0	0.01	0.0	30.16	BayesPrism
SRR10192383	0.01	0.0	10.47	0.0	0.0	0.0	0.0	1.96	12.91	0.05	0.0	0.0	0.0	0.0	0.0	0.01	14.14	0.0	0.0	4.46	0.0	0.0	0.0	0.0	0.0	0.0	0.0	2.86	0.0	53.1	BayesPrism
SRR10192474	8.32	0.0	3.34	0.0	2.86	0.0	0.0	24.65	0.01	17.81	0.0	0.0	0.02	0.0	0.0	0.0	2.48	0.0	0.0	0.0	0.0	0.0	0.0	0.0	0.0	0.0	0.0	6.18	0.0	34.32	BayesPrism
SRR10192391	0.59	0.0	1.61	0.0	0.0	5.56	0.0	0.0	7.34	0.0	0.0	0.01	0.0	0.0	0.0	0.05	2.34	0.0	0.0	2.24	0.0	0.0	0.0	0.0	0.0	0.0	0.0	0.14	0.0	80.1	BayesPrism
SRR10192178	0.0	0.0	1.5	0.0	0.0	0.0	6.0	0.0	35.05	0.0	0.0	0.0	0.0	0.0	0.0	0.12	2.4	0.0	0.0	10.06	0.0	0.0	0.0	0.0	0.0	13.37	0.0	0.0	0.0	31.48	BayesPrism
SRR10192211	0.02	0.0	6.4	0.0	0.0	0.0	0.06	0.4	29.47	0.29	0.0	0.0	0.0	0.0	0.0	0.06	20.34	0.0	0.0	7.9	0.0	0.0	0.0	0.0	0.0	5.04	0.0	0.93	0.0	29.08	BayesPrism
SRR10192216	0.0	0.0	0.0	0.0	0.0	0.0	21.6	0.0	19.12	0.0	0.0	0.0	0.0	0.0	0.0	0.06	0.0	0.0	0.0	0.01	0.0	0.0	0.0	0.01	0.0	38.83	0.0	0.0	0.0	20.36	BayesPrism
SRR10192256	0.0	0.0	11.87	0.0	0.45	0.0	0.0	9.63	1.37	27.47	0.0	0.0	0.0	0.0	0.0	0.0	5.75	0.0	0.0	0.0	0.0	0.0	0.0	0.0	0.0	0.0	0.0	3.21	0.0	40.24	BayesPrism
SRR10192222	0.0	0.0	0.0	0.0	0.0	0.0	12.77	0.0	9.05	0.0	0.0	0.0	0.0	0.0	0.0	0.0	0.0	0.02	0.02	0.03	0.0	0.14	0.01	0.1	0.01	57.73	0.02	0.04	0.0	20.06	BayesPrism
SRR10192204	4.1	0.0	9.36	0.0	0.01	0.0	0.0	3.32	20.91	1.58	0.0	0.0	0.0	0.0	0.0	0.1	29.13	0.0	0.0	0.29	0.0	0.0	0.0	0.0	0.0	0.0	0.0	2.77	0.0	28.42	BayesPrism
SRR10192206	0.0	0.0	4.71	0.0	0.0	0.0	2.03	0.01	27.67	0.01	0.0	0.0	0.0	0.0	0.0	0.05	18.01	0.0	0.0	10.28	0.0	0.0	0.03	0.0	0.0	7.23	0.0	0.39	0.0	29.57	BayesPrism
SRR10192200	0.0	0.0	10.47	0.0	0.0	0.0	0.7	0.26	15.33	1.53	0.0	0.0	0.0	0.0	0.0	0.02	16.4	0.0	0.0	5.84	0.0	0.0	0.0	0.01	0.0	22.75	0.0	1.26	0.0	25.43	BayesPrism
SRR10192407	0.0	0.0	0.19	0.0	0.0	0.45	1.65	0.0	4.55	0.0	0.0	0.0	0.0	0.0	0.0	0.01	1.25	0.0	0.0	2.5	0.0	0.0	0.0	0.0	0.0	0.0	0.0	0.0	0.0	89.38	BayesPrism
SRR10192202	24.12	0.0	3.66	0.0	3.47	0.0	0.0	11.98	2.84	13.83	0.0	0.0	0.0	0.0	2.75	0.0	1.34	0.0	0.0	0.0	0.0	0.0	0.0	0.0	0.0	0.0	0.0	1.18	0.0	34.81	BayesPrism
SRR10192254	10.63	0.0	6.97	0.0	0.72	0.0	0.0	7.68	14.44	3.62	0.0	0.0	0.0	0.0	0.0	0.02	16.78	0.0	0.0	0.0	0.0	0.0	0.0	0.0	0.0	0.0	0.0	4.11	0.0	35.01	BayesPrism
SRR10192290	0.0	0.0	2.56	0.0	0.0	0.0	2.51	0.0	29.44	0.0	0.0	0.0	0.0	0.0	0.0	0.04	6.75	0.0	0.0	8.76	0.0	0.0	0.0	0.01	0.0	3.49	0.0	0.92	0.0	45.5	BayesPrism
SRR10192366	0.0	0.0	0.0	0.0	0.0	0.0	15.02	0.0	14.88	0.0	0.0	0.0	0.0	0.0	0.0	0.01	0.0	0.01	0.0	0.97	0.0	0.0	0.0	0.0	0.0	38.13	0.0	0.01	0.0	30.94	BayesPrism
SRR10192201	0.29	0.0	18.38	0.0	0.02	0.0	0.0	4.91	5.33	1.57	0.0	0.0	0.0	0.0	0.0	0.0	8.22	0.0	0.0	0.0	0.0	0.0	0.0	0.0	0.0	0.0	0.0	1.7	0.0	59.57	BayesPrism
SRR10192393	1.04	0.0	15.77	0.0	1.52	0.0	0.0	5.55	5.17	4.32	0.0	0.0	0.0	0.0	0.0	0.01	18.9	0.0	0.0	0.0	0.0	0.0	0.0	0.0	0.0	0.0	0.0	3.2	0.0	44.51	BayesPrism
SRR10192221	0.0	0.0	0.0	0.0	0.0	0.0	19.36	0.0	25.92	0.0	0.0	0.0	0.0	0.0	0.0	0.09	0.0	0.0	0.0	2.27	0.0	0.0	0.0	0.0	0.0	26.84	0.0	0.0	0.0	25.49	BayesPrism
SRR10192265	0.01	0.0	15.97	0.0	0.78	0.0	0.0	7.37	7.45	5.54	0.0	0.0	0.0	0.0	0.0	0.01	19.12	0.0	0.0	0.0	0.0	0.0	0.0	0.0	0.0	0.0	0.0	5.68	0.0	38.07	BayesPrism
SRR10192267	0.0	0.0	4.15	0.0	0.0	0.0	7.82	0.0	21.71	0.0	0.0	0.0	0.0	0.0	0.0	0.01	5.44	0.0	0.0	6.62	0.0	0.0	0.0	0.0	0.0	22.96	0.0	0.21	0.0	31.05	BayesPrism
SRR10192189	0.0	0.0	0.01	0.0	0.0	0.0	11.63	0.0	10.66	0.0	0.0	0.0	0.0	0.0	0.0	0.01	0.0	0.01	0.01	1.16	0.0	0.0	0.0	0.05	0.0	50.78	0.0	0.0	0.0	25.68	BayesPrism
SRR10192372	0.0	0.0	0.0	0.0	0.0	0.0	17.05	0.0	22.89	0.0	0.0	0.0	0.0	0.0	0.0	0.03	0.0	0.0	0.0	0.81	0.0	0.0	0.0	0.0	0.0	11.12	0.0	0.0	0.0	48.07	BayesPrism
SRR10192261	0.0	0.0	13.67	0.0	0.76	0.0	0.0	5.77	0.02	29.63	0.0	0.0	0.02	0.0	0.0	0.01	5.72	0.01	0.03	0.0	0.0	0.02	0.0	0.04	0.07	0.0	0.02	4.09	0.03	40.06	BayesPrism
SRR10192361	0.37	0.0	12.73	0.0	2.68	0.0	0.0	15.83	4.56	4.37	0.0	0.0	0.0	0.0	0.0	0.01	13.6	0.0	0.0	0.0	0.0	0.0	0.0	0.0	0.0	0.0	0.0	6.71	0.0	39.12	BayesPrism
SRR10192186	0.0	0.0	0.0	0.0	0.0	0.0	17.45	0.0	29.24	0.0	0.0	0.0	0.0	0.0	0.0	0.03	0.0	0.0	0.0	2.93	0.0	0.0	0.0	0.0	0.0	22.49	0.0	0.0	0.0	27.83	BayesPrism
SRR10192195	0.0	0.0	2.26	0.0	0.0	0.0	9.95	0.0	25.31	0.0	0.0	0.0	0.0	0.0	0.0	0.04	2.52	0.0	0.0	8.42	0.0	0.0	0.0	0.0	0.0	20.66	0.0	0.23	0.0	30.59	BayesPrism
SRR10192374	0.0	0.0	11.86	0.0	0.0	0.0	0.75	0.27	19.15	0.05	0.0	0.0	0.0	0.0	0.0	0.04	10.25	0.0	0.0	4.6	0.0	0.0	0.0	0.0	0.0	8.54	0.0	1.66	0.01	42.79	BayesPrism
SRR10192219	0.0	0.0	0.01	0.0	0.0	0.0	16.12	0.0	19.16	0.0	0.0	0.0	0.0	0.0	0.0	0.09	0.6	0.0	0.0	8.57	0.0	0.0	0.0	0.0	0.0	28.81	0.0	0.02	0.0	26.59	BayesPrism
SRR10192384	0.0	0.0	0.0	0.0	0.0	7.96	0.37	0.0	12.48	0.0	0.0	0.34	0.0	0.0	0.91	0.02	0.0	0.0	0.0	3.0	0.0	0.0	0.0	0.0	0.0	0.0	0.0	0.0	0.0	74.9	BayesPrism
SRR10192232	0.0	0.0	12.04	0.0	0.14	0.0	0.0	5.58	12.12	17.01	0.0	0.0	0.01	0.0	0.0	0.02	11.48	0.0	0.0	0.0	0.0	0.0	0.0	0.0	0.0	0.0	0.0	1.55	0.0	40.04	BayesPrism
SRR10192263	0.0	0.0	5.96	0.0	0.0	0.0	0.29	0.01	27.18	0.0	0.0	0.0	0.0	0.0	0.0	0.01	12.35	0.0	0.0	8.73	0.0	0.0	0.0	0.0	0.0	14.4	0.0	1.06	0.0	29.98	BayesPrism
SRR10192377	0.01	0.0	16.43	0.0	0.82	0.0	0.0	8.62	11.37	0.15	0.0	0.0	0.0	0.0	0.0	0.01	14.44	0.0	0.0	0.0	0.0	0.0	0.0	0.0	0.0	0.0	0.0	5.08	0.0	43.06	BayesPrism
SRR10192402	0.0	0.0	8.04	0.0	0.0	0.0	0.01	0.02	16.04	0.0	0.0	0.0	0.0	0.0	0.0	0.05	9.64	0.0	0.0	9.89	0.0	0.0	0.0	0.0	0.0	0.47	0.0	0.31	0.0	55.52	BayesPrism
SRR10192376	0.0	0.0	7.99	0.0	0.0	0.0	0.0	0.02	25.18	0.0	0.0	0.0	0.0	0.0	0.0	0.04	16.04	0.0	0.0	6.83	0.0	0.0	0.0	0.0	0.0	3.08	0.0	2.58	0.0	38.21	BayesPrism
SRR10192197	0.01	0.0	0.92	0.0	0.0	2.0	11.69	0.01	35.49	0.01	0.0	0.01	0.0	0.0	0.0	0.14	2.79	0.0	0.0	5.39	0.0	0.0	0.0	0.0	0.0	19.9	0.0	0.0	0.0	21.62	BayesPrism
SRR10192220	15.41	0.0	6.01	0.0	2.95	0.0	0.0	7.34	6.86	17.69	0.0	0.0	0.0	0.0	2.69	0.0	0.55	0.0	0.0	0.0	0.0	0.0	0.0	0.0	0.0	0.0	0.0	1.33	0.0	39.15	BayesPrism
SRR10192471	0.0	0.0	4.06	0.0	0.0	0.0	0.01	0.0	37.63	0.0	0.0	0.0	0.0	0.0	0.0	0.07	13.37	0.0	0.0	9.23	0.0	0.0	0.0	0.0	0.0	5.72	0.0	1.55	0.0	28.35	BayesPrism
SRR10192250	2.91	0.0	5.28	0.0	0.0	0.33	0.02	0.15	34.11	0.13	0.0	0.0	0.0	0.0	0.0	0.08	17.18	0.0	0.0	6.79	0.0	0.0	0.0	0.0	0.0	4.41	0.0	0.95	0.0	27.65	BayesPrism
SRR10192248	0.0	0.0	1.55	0.0	0.0	0.0	9.16	0.0	32.33	0.0	0.0	0.0	0.0	0.0	0.0	0.03	5.21	0.0	0.0	6.57	0.0	0.0	0.0	0.0	0.0	15.64	0.0	0.15	0.0	29.32	BayesPrism
SRR10192217	0.0	0.0	0.0	0.0	0.0	0.0	21.78	0.0	18.28	0.0	0.0	0.0	0.0	0.0	0.0	0.14	0.0	0.01	0.0	1.91	0.0	0.01	0.0	0.03	0.0	29.03	0.01	0.11	0.01	28.67	BayesPrism
SRR10192312	0.0	0.0	9.26	0.0	0.0	0.0	0.0	0.42	15.9	0.0	0.0	0.0	0.0	0.0	0.0	0.05	10.91	0.0	0.0	4.99	0.0	0.0	0.0	0.0	0.0	0.0	0.0	1.18	0.0	57.26	BayesPrism
SRR10192398	0.0	0.0	7.66	0.0	0.0	0.0	1.0	0.0	28.88	0.0	0.0	0.0	0.0	0.0	0.0	0.02	11.97	0.0	0.0	7.9	0.0	0.0	0.0	0.0	0.0	2.22	0.0	1.04	0.0	39.29	BayesPrism
SRR10192252	8.59	0.0	11.43	0.0	0.67	0.0	0.0	2.8	16.78	5.47	0.0	0.0	0.0	0.0	0.0	0.03	20.09	0.0	0.0	0.0	0.0	0.0	0.0	0.0	0.0	0.0	0.0	2.34	0.0	31.76	BayesPrism
SRR10192194	0.0	0.0	0.03	0.0	0.0	0.0	13.13	0.0	31.81	0.0	0.0	0.0	0.0	0.0	0.0	0.12	2.85	0.0	0.0	12.14	0.0	0.0	0.0	0.0	0.0	17.34	0.0	0.03	0.0	22.53	BayesPrism
SRR10192215	0.0	0.0	0.0	0.0	0.0	10.19	6.75	0.0	35.62	0.0	0.0	0.0	0.0	0.0	0.0	0.14	0.03	0.0	0.0	4.55	0.0	0.0	0.0	0.0	0.0	8.28	0.0	0.06	0.0	34.35	BayesPrism
SRR10192388	0.0	0.0	2.76	0.0	0.0	0.0	1.53	0.0	34.86	0.0	0.0	0.0	0.0	0.0	0.0	0.02	10.36	0.0	0.0	8.65	0.0	0.0	0.0	0.0	0.0	0.88	0.0	1.61	0.0	39.3	BayesPrism
SRR10192387	0.0	0.0	0.55	0.0	0.0	0.01	6.18	0.0	19.82	0.0	0.0	0.0	0.0	0.0	0.0	0.07	3.35	0.0	0.01	5.54	0.0	0.04	0.01	0.01	0.01	0.22	0.0	0.69	0.04	63.42	BayesPrism
SRR10192363	0.0	0.0	0.03	0.0	0.0	0.0	9.28	0.0	26.65	0.0	0.0	0.0	0.0	0.0	0.0	0.05	5.2	0.0	0.01	7.4	0.0	0.0	0.0	0.0	0.0	0.52	0.0	0.75	0.0	50.08	BayesPrism
SRR10192203	12.46	0.0	9.22	0.0	1.81	0.0	0.0	1.77	16.87	8.25	0.0	0.0	0.0	0.0	0.01	0.03	10.68	0.0	0.0	0.0	0.0	0.0	0.0	0.0	0.0	0.01	0.0	0.98	0.0	37.88	BayesPrism
SRR10192180	0.0	0.0	0.0	0.0	0.0	0.01	18.4	0.0	31.39	0.0	0.0	0.0	0.0	0.0	0.0	0.02	0.0	0.0	0.0	3.66	0.0	0.0	0.0	0.0	0.0	17.43	0.0	0.01	0.0	29.06	BayesPrism
SRR10192395	0.22	0.0	0.01	0.0	0.0	12.02	0.0	0.08	14.52	0.0	0.0	0.01	0.0	0.0	15.52	0.0	0.02	0.0	0.0	0.02	0.0	0.0	0.0	0.0	0.0	0.0	0.0	0.13	0.0	57.42	BayesPrism
SRR10192245	2.46	0.0	8.0	0.0	0.0	0.0	0.0	0.92	25.69	0.01	0.0	0.0	0.0	0.0	0.0	0.04	19.76	0.0	0.0	3.43	0.0	0.0	0.0	0.0	0.0	0.0	0.0	2.27	0.0	37.41	BayesPrism
SRR10192367	0.02	0.0	15.17	0.0	0.48	0.0	0.0	2.44	15.58	0.0	0.0	0.0	0.0	0.0	0.0	0.01	19.49	0.0	0.0	0.88	0.0	0.0	0.0	0.0	0.0	0.0	0.0	3.74	0.0	42.18	BayesPrism
SRR10192246	2.55	0.0	9.08	0.0	0.41	0.0	0.0	0.52	26.49	0.63	0.0	0.0	0.0	0.0	0.0	0.05	20.14	0.0	0.0	3.65	0.0	0.0	0.0	0.0	0.0	0.0	0.0	2.29	0.0	34.17	BayesPrism
SRR10192268	0.0	0.0	5.9	0.0	0.0	0.0	0.0	0.74	28.76	0.0	0.0	0.0	0.0	0.0	0.0	0.06	16.91	0.0	0.0	4.56	0.0	0.0	0.0	0.0	0.0	0.01	0.0	2.79	0.0	40.25	BayesPrism
SRR10192177	0.0	0.0	1.53	0.0	0.0	0.0	3.14	0.0	34.67	0.0	0.0	0.0	0.0	0.0	0.0	0.06	17.37	0.0	0.0	9.29	0.0	0.0	0.0	0.0	0.0	4.61	0.0	2.08	0.0	27.23	BayesPrism
SRR10192385	0.0	0.0	0.28	0.0	0.0	0.0	18.49	0.0	16.08	0.0	0.0	0.0	0.0	0.0	0.0	0.03	0.03	0.0	0.0	4.34	0.0	0.0	0.0	0.0	0.0	12.33	0.0	0.06	0.0	48.33	BayesPrism
SRR10192378	0.06	0.0	8.83	0.0	0.0	0.0	0.0	0.75	18.22	1.1	0.0	0.01	0.0	0.0	0.0	0.01	9.05	0.0	0.0	4.31	0.0	0.0	0.0	0.0	0.0	0.0	0.0	1.7	0.01	55.93	BayesPrism
SRR10192400	0.36	0.0	12.5	0.0	1.21	0.0	0.0	3.52	11.84	4.01	0.0	0.0	0.0	0.0	0.0	0.02	14.72	0.0	0.0	0.0	0.0	0.0	0.0	0.0	0.0	0.0	0.0	2.5	0.0	49.28	BayesPrism
SRR10192390	0.0	0.0	16.83	0.0	0.0	0.0	0.0	0.3	8.5	1.87	0.0	0.0	0.0	0.0	0.0	0.0	11.59	0.0	0.0	2.05	0.0	0.0	0.0	0.0	0.0	5.47	0.0	2.25	0.0	51.11	BayesPrism
SRR10192462	0.0	0.0	9.01	0.0	0.0	0.0	0.0	2.59	28.69	0.0	0.0	0.0	0.0	0.0	0.0	0.03	25.54	0.0	0.0	1.53	0.0	0.0	0.0	0.0	0.0	0.0	0.0	6.28	0.0	26.3	BayesPrism
SRR10192185	11.8	0.0	10.97	0.0	1.83	0.0	0.0	1.63	16.81	7.21	0.0	0.0	0.0	0.0	4.27	0.08	6.8	0.0	0.0	0.01	0.0	0.0	0.0	0.0	0.0	0.0	0.0	0.62	0.0	37.95	BayesPrism
SRR10192429	0.0	0.0	11.41	0.0	0.0	0.0	0.0	0.0	18.5	0.01	0.0	0.0	0.0	0.0	0.0	0.04	12.95	0.0	0.0	6.14	0.0	0.0	0.0	0.0	0.0	1.38	0.0	1.89	0.0	47.63	BayesPrism
SRR10192394	0.0	0.0	0.0	0.0	0.0	0.01	8.77	0.0	26.45	0.0	0.0	0.0	0.0	0.0	0.0	0.02	7.48	0.0	0.0	9.88	0.0	0.01	0.0	0.01	0.0	2.36	0.0	1.07	0.02	43.89	BayesPrism
SRR10192411	0.0	0.0	0.0	0.0	0.0	0.01	18.06	0.0	33.13	0.0	0.0	0.0	0.0	0.0	0.0	0.05	1.01	0.0	0.0	8.62	0.0	0.0	0.0	0.0	0.0	18.18	0.0	0.07	0.0	20.84	BayesPrism
SRR10192386	0.0	0.0	0.0	0.0	0.0	0.01	10.34	0.0	22.1	0.0	0.0	0.0	0.0	0.0	0.0	0.01	0.0	0.01	0.0	5.37	0.0	0.0	0.0	0.0	0.0	3.67	0.0	0.0	0.0	58.46	BayesPrism
SRR10192401	14.25	0.0	9.78	0.0	3.34	0.0	0.0	4.34	17.01	1.65	0.0	0.0	0.0	0.0	0.07	0.11	10.26	0.0	0.0	0.0	0.0	0.0	0.0	0.0	0.0	0.0	0.0	4.09	0.0	35.08	BayesPrism
SRR10192496	4.37	0.0	11.65	0.0	3.3	0.0	0.0	1.57	17.0	1.79	0.02	0.0	0.0	0.0	0.15	0.04	13.43	0.0	0.01	0.0	0.0	0.0	0.0	0.0	0.0	0.0	0.0	3.62	0.0	43.02	BayesPrism
SRR10192184	0.0	0.0	0.02	0.0	0.0	0.0	13.44	0.0	32.01	0.0	0.0	0.0	0.0	0.0	0.0	0.07	5.17	0.0	0.0	8.4	0.0	0.0	0.0	0.0	0.0	11.54	0.0	0.6	0.0	28.72	BayesPrism
SRR10192179	0.0	0.0	1.61	0.0	0.0	0.0	3.77	0.1	29.23	0.0	0.0	0.0	0.0	0.0	0.0	0.06	4.82	0.0	0.0	10.17	0.0	0.0	0.0	0.0	0.0	4.05	0.0	0.58	0.0	45.57	BayesPrism
SRR10192192	0.0	0.0	1.81	0.01	0.01	26.58	0.1	0.06	25.72	0.0	0.0	0.66	0.0	0.0	0.84	0.78	1.12	0.0	0.0	3.45	0.0	0.0	0.0	0.0	0.0	3.13	0.0	0.19	0.0	35.52	BayesPrism
SRR10192239	0.0	0.0	5.84	0.0	0.0	0.0	0.12	0.01	32.77	0.24	0.0	0.0	0.0	0.0	0.0	0.06	17.32	0.0	0.0	9.07	0.0	0.0	0.0	0.0	0.0	4.84	0.0	0.64	0.0	29.06	BayesPrism
SRR10192207	0.0	0.0	0.0	0.0	0.0	0.0	33.3	0.0	21.06	0.0	0.0	0.0	0.0	0.0	0.0	0.07	0.0	0.02	0.03	0.03	0.0	0.06	0.0	0.07	0.03	23.46	0.0	0.17	0.0	21.68	BayesPrism
SRR10192196	0.0	0.0	0.0	0.0	0.0	2.57	22.05	0.0	27.99	0.0	0.0	0.0	0.0	0.0	0.0	0.11	0.0	0.01	0.01	1.56	0.0	0.03	0.0	0.03	0.01	15.06	0.01	0.17	0.0	30.38	BayesPrism
SRR10192451	0.0	0.0	2.71	0.0	0.0	0.0	6.85	0.0	19.8	0.0	0.0	0.0	0.01	0.0	0.0	0.08	5.4	0.01	0.02	7.11	0.0	0.11	0.01	0.05	0.04	3.01	0.0	1.37	0.1	53.3	BayesPrism
SRR10192181	0.0	0.0	0.01	0.0	0.0	12.43	7.18	0.0	34.46	0.0	0.0	0.01	0.0	0.0	0.0	0.11	1.66	0.0	0.0	5.24	0.0	0.0	0.0	0.0	0.0	14.9	0.0	0.09	0.0	23.89	BayesPrism
SRR10192224	0.01	0.0	14.9	0.0	1.02	0.0	0.0	1.52	12.48	3.28	0.0	0.0	0.0	0.0	0.0	0.11	16.93	0.0	0.0	0.01	0.0	0.0	0.0	0.0	0.0	0.01	0.0	4.43	0.01	45.28	BayesPrism
SRR10192226	0.0	0.0	2.99	0.0	0.27	0.0	9.17	0.0	21.2	0.0	0.0	0.01	0.0	0.0	0.61	0.09	6.26	0.01	0.01	3.41	0.0	0.04	0.0	0.02	0.01	23.68	0.02	0.66	0.0	31.53	BayesPrism
SRR10192371	0.0	0.0	2.1	0.0	0.0	3.82	0.0	0.0	15.77	0.0	0.0	0.0	0.0	0.0	0.0	0.05	3.92	0.0	0.0	6.01	0.0	0.0	0.0	0.0	0.0	0.0	0.0	0.33	0.0	67.97	BayesPrism
SRR10192187	0.0	0.0	0.03	0.0	0.0	21.66	2.38	0.0	39.69	0.0	0.0	0.0	0.0	0.0	0.01	0.26	0.72	0.0	0.0	3.44	0.0	0.0	0.0	0.0	0.0	3.05	0.0	0.62	0.0	28.12	BayesPrism
SRR10192210	0.0	0.0	0.0	0.0	0.0	0.0	12.67	0.0	8.96	0.0	0.0	0.0	0.01	0.0	0.0	0.09	0.0	0.04	0.02	0.0	0.0	0.32	0.0	0.14	0.12	53.44	0.01	0.09	0.01	24.08	BayesPrism
SRR10192223	0.0	0.0	1.96	0.0	0.0	0.01	2.19	0.0	15.13	0.0	0.0	0.0	0.0	0.0	0.0	0.06	8.29	0.0	0.0	7.08	0.0	0.01	0.0	0.01	0.01	0.01	0.0	0.54	0.01	64.66	BayesPrism
SRR10192182	0.0	0.0	0.01	0.0	0.0	23.7	2.33	0.01	35.73	0.0	0.0	0.01	0.0	0.0	0.83	0.05	0.32	0.0	0.0	4.28	0.0	0.0	0.0	0.0	0.0	6.71	0.0	0.18	0.0	25.82	BayesPrism
SRR10192359	0.01	0.0	11.8	0.01	0.11	0.0	0.0	0.63	25.18	0.07	0.0	0.0	0.0	0.0	0.0	0.07	13.55	0.0	0.0	2.3	0.0	0.0	0.0	0.0	0.0	0.0	0.0	3.3	0.0	42.95	BayesPrism
SRR10192237	0.0	0.0	0.0	0.0	0.0	0.01	16.71	0.0	33.63	0.0	0.0	0.0	0.0	0.0	0.0	0.11	0.01	0.02	0.01	5.66	0.0	0.0	0.0	0.01	0.0	20.22	0.0	0.06	0.0	23.54	BayesPrism
SRR10192379	11.05	0.0	7.05	0.0	1.04	0.1	0.0	0.04	27.57	0.0	0.0	0.0	0.0	0.0	1.12	0.08	11.39	0.0	0.0	2.63	0.0	0.0	0.0	0.0	0.0	0.02	0.0	1.44	0.0	36.46	BayesPrism
SRR10192404	0.0	0.0	3.33	0.0	0.0	0.0	0.12	0.0	9.15	0.0	0.0	0.0	0.0	0.0	0.0	0.01	3.9	0.0	0.0	5.14	0.0	0.0	0.0	0.0	0.0	0.0	0.0	0.31	0.0	78.01	BayesPrism
SRR10192243	0.0	0.0	3.98	0.01	0.0	0.01	1.16	0.01	29.94	0.0	0.0	0.0	0.0	0.0	0.0	0.07	25.15	0.0	0.0	9.35	0.0	0.0	0.0	0.0	0.0	0.76	0.0	1.34	0.0	28.2	BayesPrism
SRR10192193	0.0	0.0	0.01	0.0	0.0	4.33	13.48	0.0	36.2	0.0	0.0	0.0	0.0	0.0	0.0	0.11	2.46	0.0	0.0	6.12	0.0	0.0	0.0	0.0	0.0	12.52	0.0	0.07	0.0	24.66	BayesPrism
SRR10192380	5.8	0.0	2.18	0.0	0.55	0.0	0.0	0.46	15.88	0.01	0.09	0.01	0.0	0.0	33.1	0.01	0.0	0.0	0.0	0.01	0.0	0.0	0.0	0.0	0.0	0.0	0.0	1.09	0.0	40.78	BayesPrism
SRR10192208	2.26	0.0	3.28	0.0	0.01	10.51	1.75	0.02	29.1	0.27	0.01	0.01	0.0	0.0	1.01	0.07	13.13	0.0	0.0	5.02	0.0	0.0	0.0	0.0	0.0	1.89	0.0	1.03	0.0	30.64	BayesPrism
SRR10192259	5.09	0.0	8.04	0.0	2.09	0.0	0.0	4.13	11.33	4.97	0.01	0.0	0.0	0.0	0.56	0.02	26.62	0.0	0.0	0.0	0.0	0.0	0.0	0.0	0.0	0.0	0.01	6.42	0.0	30.67	BayesPrism
SRR10192183	0.0	0.0	0.0	0.0	0.0	0.0	30.31	0.0	12.56	0.0	0.0	0.0	0.0	0.0	0.0	0.29	0.0	0.0	0.0	0.0	0.0	0.0	0.0	0.0	0.0	32.39	0.0	0.0	0.0	24.44	BayesPrism
SRR10192228	0.01	0.0	6.41	0.0	0.99	0.01	6.99	0.01	20.57	0.51	0.01	0.0	0.01	0.0	2.16	0.02	15.42	0.0	0.01	3.78	0.0	0.01	0.0	0.02	0.01	10.75	0.0	1.39	0.0	30.88	BayesPrism
SRR10192174	0.0	0.0	0.0	0.0	0.0	0.0	34.46	0.0	20.45	0.0	0.0	0.0	0.0	0.0	0.0	0.07	0.0	0.01	0.03	0.01	0.0	0.12	0.0	0.14	0.05	23.43	0.02	0.26	0.06	20.88	BayesPrism
SRR10192230	0.0	0.01	4.55	0.01	0.01	0.0	6.07	0.03	24.31	0.6	0.0	0.0	0.05	0.0	0.0	0.07	12.97	0.01	0.02	5.84	0.0	0.13	0.0	0.15	0.08	9.4	0.02	2.59	0.07	33.01	BayesPrism
SRR10192406	1.84	0.0	13.87	0.0	2.21	0.0	0.0	1.6	16.88	0.0	0.0	0.0	0.0	0.0	0.0	0.02	16.92	0.0	0.0	0.01	0.0	0.0	0.0	0.0	0.0	0.0	0.0	3.53	0.0	43.09	BayesPrism
SRR10192472	0.0	0.0	0.59	0.0	0.48	0.06	16.79	0.0	25.73	0.0	0.0	0.0	0.0	0.01	0.11	0.08	4.01	0.01	0.02	4.69	0.0	0.02	0.0	0.06	0.03	12.15	0.01	1.44	0.07	33.61	BayesPrism
SRR10192382	10.85	0.0	4.86	0.0	1.32	0.09	0.0	0.36	27.95	0.0	0.01	0.01	0.0	0.0	4.26	0.04	13.24	0.0	0.0	2.71	0.0	0.0	0.0	0.0	0.0	0.0	0.0	1.66	0.0	32.63	BayesPrism
SRR10192198	0.0	0.0	11.97	0.0	0.0	0.0	3.12	0.0	15.11	2.95	0.0	0.0	0.0	0.0	0.0	0.04	15.96	0.0	0.0	3.24	0.0	0.0	0.0	0.0	0.0	2.98	0.0	0.21	0.0	44.4	BayesPrism
SRR10192403	0.0	0.0	9.25	0.01	0.4	0.0	3.12	0.09	21.77	0.0	0.0	0.0	0.04	0.0	0.0	0.08	7.81	0.01	0.03	4.68	0.0	0.11	0.01	0.13	0.08	12.94	0.03	2.58	0.08	36.74	BayesPrism
SRR10192334	0.0	0.0	3.93	0.0	0.0	0.0	1.49	0.0	31.18	0.0	0.0	0.0	0.0	0.0	0.0	0.11	13.31	0.01	0.01	10.21	0.0	0.0	0.0	0.02	0.01	2.22	0.0	2.6	0.01	34.87	BayesPrism
SRR10192381	0.0	0.0	8.62	0.0	0.04	0.0	0.0	0.05	17.03	0.0	0.0	0.0	0.0	0.0	0.0	0.07	20.49	0.0	0.02	6.07	0.0	0.0	0.0	0.05	0.0	0.02	0.0	5.98	0.06	41.49	BayesPrism
SRR10192241	0.0	0.0	0.15	0.0	0.0	0.0	18.38	0.07	31.45	0.0	0.0	0.0	0.03	0.01	0.0	0.19	4.22	0.01	0.05	4.91	0.0	0.17	0.01	0.19	0.03	13.19	0.0	1.43	0.08	25.42	BayesPrism
SRR10192209	0.59	0.0	3.91	0.01	0.11	3.13	3.09	0.0	31.14	1.68	0.05	0.57	0.02	0.0	0.29	0.1	4.59	0.01	0.0	1.99	0.0	0.02	0.0	0.02	0.02	6.35	0.0	0.73	0.0	41.57	BayesPrism
SRR10192214	0.0	0.0	0.8	0.0	0.4	7.75	10.53	0.26	34.03	0.02	0.06	1.03	0.02	0.01	0.17	0.25	4.68	0.0	0.02	1.52	0.0	0.09	0.01	0.14	0.05	7.21	0.02	2.2	0.02	28.69	BayesPrism
SRR10192397	0.0	0.0	1.41	0.0	0.0	0.01	3.56	0.0	22.32	0.0	0.0	0.0	0.01	0.0	0.0	0.1	6.75	0.03	0.02	5.61	0.0	0.11	0.01	0.08	0.05	0.0	0.01	2.38	0.1	57.41	BayesPrism
SRR10192470	0.0	0.01	4.76	0.0	0.22	0.0	11.66	0.0	17.58	0.0	0.0	0.0	0.02	0.01	0.0	0.04	10.73	0.01	0.06	4.69	0.01	0.39	0.02	0.19	0.25	10.9	0.03	4.11	0.22	34.08	BayesPrism
SRR10192405	0.0	0.0	0.0	0.0	0.0	0.01	24.1	0.0	23.95	0.0	0.0	0.0	0.0	0.0	0.0	0.3	0.01	0.01	0.01	0.14	0.0	0.04	0.0	0.0	0.01	0.88	0.0	0.55	0.03	49.93	BayesPrism
SRR10192409	0.04	0.0	11.84	0.0	3.97	0.0	0.0	13.86	1.97	4.7	0.0	0.0	0.09	0.01	0.0	0.08	9.04	0.02	0.06	0.0	0.0	0.0	0.01	0.1	0.17	0.0	0.04	9.68	0.19	44.1	BayesPrism
SRR10192469	0.01	0.0	7.06	1.11	1.08	0.01	5.16	0.03	26.39	0.0	0.0	0.0	0.07	0.01	0.0	0.16	14.46	0.1	0.11	1.98	0.01	0.34	0.1	0.49	0.42	0.12	0.03	7.4	0.64	32.69	BayesPrism
SRR10192335	0.0	0.0	0.01	0.0	0.3	0.97	27.79	0.05	27.3	0.0	0.0	0.0	0.06	0.01	0.03	0.17	0.93	0.02	0.05	0.81	0.0	0.06	0.02	0.09	0.08	7.0	0.02	1.75	0.09	32.4	BayesPrism
SRR10192336	6.28	0.01	5.34	0.46	1.49	0.01	6.81	0.21	13.1	0.0	0.16	1.71	0.01	0.0	0.86	0.03	1.93	0.0	0.03	0.01	0.0	0.03	0.04	0.13	0.11	0.0	0.02	2.52	0.12	58.56	BayesPrism
SRR10192373	0.0	0.0	8.43	0.0	0.0	0.0	0.04	0.0	0.05	0.0	0.0	0.0	0.78	0.0	0.0	0.12	9.7	0.23	0.51	16.41	0.32	0.75	0.0	0.16	0.0	20.92	0.0	37.28	2.57	1.74	MuSiC
SRR10192369	0.0	0.0	17.59	0.0	0.0	0.0	0.0	0.0	28.48	0.0	0.0	0.0	0.73	0.0	0.0	0.0	17.97	0.0	0.0	2.8	0.0	0.0	0.0	0.0	0.0	14.7	0.0	8.4	0.0	9.33	MuSiC
SRR10192389	0.0	0.0	7.74	0.0	0.0	0.0	0.0	0.0	38.6	0.0	0.0	0.0	0.03	0.0	0.0	0.0	8.5	0.0	0.0	3.05	0.0	0.0	0.0	0.0	0.0	19.32	0.0	1.65	0.0	21.12	MuSiC
SRR10192234	0.0	0.0	23.99	0.0	0.2	0.0	0.0	0.0	37.69	0.0	0.0	0.0	0.0	0.0	0.0	0.0	14.08	0.0	0.0	1.98	0.0	0.0	0.0	0.0	0.0	3.53	0.0	4.55	0.01	13.95	MuSiC
SRR10192205	0.0	0.0	10.2	0.0	0.0	0.0	2.48	0.0	38.87	0.0	0.0	0.0	1.32	0.0	0.0	0.0	7.19	0.0	0.0	4.39	0.0	0.0	0.0	0.0	0.0	12.66	0.0	7.23	0.0	15.65	MuSiC
SRR10192188	0.0	0.0	7.74	0.0	0.0	0.0	0.0	0.0	53.55	0.0	0.0	0.0	1.54	0.0	0.0	0.0	5.11	0.0	0.0	6.13	0.0	0.01	0.0	0.0	0.0	11.75	0.0	5.39	0.0	8.78	MuSiC
SRR10192360	0.0	0.0	17.27	0.0	0.0	0.0	0.0	0.0	37.09	0.0	0.0	0.0	0.02	0.0	0.0	0.0	15.01	0.0	0.0	0.29	0.0	0.0	0.0	0.0	0.0	4.84	0.0	7.26	0.0	18.22	MuSiC
SRR10192399	0.0	0.0	14.72	0.0	0.0	0.0	0.0	0.0	51.35	0.0	0.0	0.0	0.23	0.0	0.0	0.0	10.94	0.0	0.0	0.57	0.0	0.0	0.0	0.0	0.0	3.41	0.0	5.46	0.0	13.32	MuSiC
SRR10192362	0.0	0.0	17.3	0.0	0.0	0.0	0.0	0.0	45.91	0.0	0.0	0.0	0.4	0.0	0.0	0.0	8.85	0.0	0.0	1.11	0.0	0.0	0.0	0.0	0.0	9.3	0.0	4.0	0.0	13.13	MuSiC
SRR10192396	0.0	0.0	8.96	0.0	0.0	0.0	0.0	0.0	33.71	0.0	0.0	0.0	2.24	0.0	0.0	0.0	7.8	0.0	0.0	2.46	0.0	0.0	0.0	0.0	0.0	14.34	0.0	7.79	0.0	22.7	MuSiC
SRR10192364	0.0	0.0	16.54	0.0	0.0	0.0	0.0	0.0	33.9	0.0	0.0	0.0	0.17	0.0	0.0	0.0	8.45	0.0	0.0	5.34	0.0	0.0	0.0	0.07	0.0	16.17	0.0	2.12	0.0	17.22	MuSiC
SRR10192176	0.0	0.0	13.89	0.0	0.0	0.0	0.0	0.0	35.78	0.0	0.0	0.0	0.23	0.0	0.0	0.0	14.24	0.0	0.0	6.03	0.0	0.0	0.0	0.02	0.0	13.33	0.0	8.72	0.0	7.77	MuSiC
SRR10192213	0.0	0.0	7.09	0.0	0.0	0.0	4.72	0.0	49.64	0.0	0.0	0.0	0.06	0.0	0.0	0.0	5.36	0.0	0.0	2.78	0.0	0.0	0.0	0.14	0.0	12.06	0.0	6.05	0.0	12.11	MuSiC
SRR10192383	0.0	0.0	8.45	0.0	0.0	0.0	0.0	0.0	27.75	0.0	0.0	0.0	0.01	0.0	0.0	0.0	6.36	0.0	0.0	3.31	0.0	0.0	0.0	0.0	0.0	13.4	0.0	5.39	0.0	35.33	MuSiC
SRR10192474	0.0	0.0	27.74	0.0	0.0	0.0	0.0	0.0	33.15	0.0	0.0	0.0	0.17	0.0	0.0	0.0	8.06	0.0	0.0	1.75	0.0	0.0	0.0	0.0	0.0	1.31	0.0	9.49	0.0	18.34	MuSiC
SRR10192391	0.0	0.0	3.99	0.0	0.05	0.0	0.0	0.0	29.56	0.0	0.0	0.0	0.0	0.0	0.0	0.0	6.59	0.0	0.0	1.4	0.0	0.0	0.0	0.0	0.0	5.5	0.0	1.39	0.0	51.53	MuSiC
SRR10192178	0.0	0.0	10.3	0.0	0.0	0.0	0.0	0.0	55.09	0.0	0.0	0.0	0.14	0.0	0.0	0.0	4.28	0.0	0.0	4.62	0.0	0.0	0.0	0.0	0.0	4.94	0.0	7.4	0.0	13.23	MuSiC
SRR10192211	0.0	0.0	12.08	0.0	0.0	0.0	0.0	0.0	52.71	0.0	0.0	0.0	0.24	0.0	0.0	0.0	11.19	0.0	0.0	3.78	0.0	0.0	0.0	0.0	0.0	6.75	0.0	5.13	0.0	8.11	MuSiC
SRR10192216	0.0	0.0	2.19	0.0	0.0	0.0	6.75	0.0	52.57	0.0	0.0	0.0	0.07	0.0	0.0	0.0	2.16	0.0	0.0	5.58	0.0	0.0	0.0	0.5	0.0	14.61	0.0	6.18	0.0	9.4	MuSiC
SRR10192256	0.0	0.0	23.4	0.0	0.0	0.0	0.0	0.0	34.85	0.0	0.0	0.0	0.04	0.0	0.0	0.0	15.05	0.0	0.0	2.14	0.0	0.0	0.0	0.0	0.0	5.79	0.0	9.29	0.0	9.44	MuSiC
SRR10192222	0.0	0.0	4.62	0.0	0.0	0.0	7.23	0.0	43.61	0.0	0.0	0.0	0.17	0.0	0.0	0.0	4.33	0.0	0.0	4.67	0.0	0.01	0.0	0.21	0.0	21.05	0.0	7.88	0.0	6.23	MuSiC
SRR10192204	0.0	0.0	16.76	0.0	0.0	0.0	0.0	0.0	51.57	0.0	0.0	0.0	1.1	0.0	0.0	0.0	8.33	0.0	0.0	3.51	0.0	0.0	0.0	0.0	0.0	5.79	0.0	5.45	0.0	7.5	MuSiC
SRR10192206	0.0	0.0	13.62	0.0	0.0	0.0	0.0	0.0	50.06	0.0	0.0	0.0	0.14	0.0	0.0	0.0	7.63	0.0	0.0	4.15	0.0	0.0	0.0	0.0	0.0	5.06	0.0	5.93	0.0	13.41	MuSiC
SRR10192200	0.0	0.0	13.74	0.0	0.0	0.0	1.94	0.0	42.96	0.0	0.0	0.0	0.11	0.0	0.0	0.0	15.32	0.0	0.0	5.07	0.0	0.0	0.0	0.0	0.0	11.61	0.0	3.43	0.0	5.82	MuSiC
SRR10192407	0.0	0.0	2.9	0.0	0.06	0.0	0.0	0.0	23.85	0.0	0.0	0.0	0.03	0.0	0.0	0.0	5.63	0.0	0.0	0.65	0.0	0.0	0.0	0.0	0.0	1.4	0.0	0.28	0.0	65.22	MuSiC
SRR10192202	2.68	0.0	7.65	0.0	24.63	0.0	0.0	0.0	31.22	0.0	0.0	0.0	0.0	0.0	0.0	0.0	14.23	0.0	0.0	2.11	0.0	0.0	0.0	0.0	0.0	1.32	0.0	4.95	0.0	11.2	MuSiC
SRR10192254	0.0	0.0	7.35	0.0	0.0	0.0	0.0	0.0	54.0	0.0	0.0	0.0	0.01	0.0	0.0	0.0	16.74	0.0	0.0	1.96	0.0	0.0	0.0	0.0	0.0	3.35	0.0	5.2	0.0	11.38	MuSiC
SRR10192290	0.0	0.0	7.29	0.0	0.0	0.0	0.64	0.0	46.49	0.0	0.0	0.0	0.12	0.0	0.0	0.0	4.71	0.0	0.0	2.11	0.0	0.0	0.0	0.0	0.0	7.92	0.0	4.0	0.0	26.72	MuSiC
SRR10192366	0.0	0.0	6.73	0.0	0.0	0.0	6.4	0.0	37.54	0.0	0.0	0.0	0.18	0.0	0.0	0.0	3.14	0.0	0.0	5.69	0.0	0.01	0.0	0.08	0.0	11.54	0.0	4.67	0.0	24.02	MuSiC
SRR10192201	0.0	0.0	10.83	0.0	0.0	0.0	0.0	0.0	35.84	0.0	0.0	0.0	0.03	0.0	0.0	0.0	15.04	0.0	0.0	0.32	0.0	0.0	0.0	0.0	0.0	6.02	0.0	2.51	0.0	29.4	MuSiC
SRR10192393	0.0	0.0	16.26	0.0	0.0	0.0	0.0	0.0	37.07	0.0	0.0	0.0	0.15	0.0	0.0	0.0	11.55	0.0	0.0	6.03	0.0	0.0	0.0	0.0	0.0	5.12	0.0	2.98	0.0	20.84	MuSiC
SRR10192221	0.0	0.0	2.88	0.0	0.0	0.0	6.36	0.0	53.42	0.0	0.0	0.0	1.58	0.0	0.0	0.01	4.53	0.0	0.0	3.84	0.0	0.0	0.0	0.16	0.0	11.81	0.0	6.27	0.01	9.14	MuSiC
SRR10192265	0.0	0.0	15.05	0.0	0.0	0.0	0.0	0.0	39.18	0.0	0.0	0.0	0.22	0.0	0.0	0.0	17.05	0.0	0.0	4.39	0.0	0.0	0.0	0.0	0.0	1.63	0.0	6.71	0.0	15.78	MuSiC
SRR10192267	0.0	0.0	11.38	0.0	0.0	0.0	1.36	0.0	44.77	0.0	0.0	0.0	1.14	0.0	0.0	0.0	7.7	0.0	0.0	4.18	0.0	0.0	0.0	0.0	0.0	14.87	0.0	6.53	0.0	8.08	MuSiC
SRR10192189	0.0	0.0	5.86	0.0	0.0	0.0	3.94	0.0	42.69	0.0	0.0	0.0	0.14	0.0	0.0	0.0	5.59	0.0	0.0	7.36	0.0	0.0	0.0	0.08	0.0	17.98	0.0	6.17	0.0	10.2	MuSiC
SRR10192372	0.0	0.0	3.93	0.0	0.0	0.0	0.99	0.0	43.9	0.0	0.0	0.0	1.25	0.0	0.0	0.0	4.88	0.0	0.0	3.42	0.0	0.0	0.0	0.0	0.0	13.79	0.0	3.66	0.0	24.18	MuSiC
SRR10192261	0.0	0.0	29.2	0.0	0.0	0.0	0.0	0.0	20.93	0.0	0.0	0.0	0.09	0.0	0.0	0.0	13.44	0.0	0.0	9.18	0.0	0.0	0.0	0.0	0.0	7.3	0.0	3.78	0.0	16.07	MuSiC
SRR10192361	0.0	0.0	15.8	0.0	0.0	0.0	0.0	0.0	52.88	0.0	0.0	0.0	0.15	0.0	0.0	0.0	10.76	0.0	0.0	0.85	0.0	0.0	0.0	0.0	0.0	2.67	0.0	3.62	0.0	13.28	MuSiC
SRR10192186	0.0	0.0	5.44	0.0	0.0	0.0	4.23	0.0	53.67	0.0	0.0	0.0	0.2	0.0	0.0	0.0	4.12	0.0	0.0	4.44	0.0	0.05	0.0	0.24	0.0	10.19	0.0	4.7	0.0	12.72	MuSiC
SRR10192195	0.0	0.0	8.62	0.0	0.0	0.0	1.05	0.0	50.25	0.0	0.0	0.0	0.09	0.0	0.0	0.0	6.76	0.0	0.0	4.0	0.0	0.0	0.0	0.14	0.0	10.63	0.0	6.11	0.0	12.36	MuSiC
SRR10192374	0.0	0.0	14.22	0.0	0.0	0.0	0.0	0.0	46.65	0.0	0.0	0.0	0.77	0.0	0.0	0.0	8.1	0.0	0.0	1.92	0.0	0.0	0.0	0.07	0.0	12.2	0.0	2.8	0.0	13.27	MuSiC
SRR10192219	0.0	0.0	9.41	0.0	0.0	0.0	3.76	0.0	44.04	0.0	0.0	0.0	0.27	0.0	0.0	0.0	5.36	0.0	0.0	4.58	0.0	0.0	0.0	0.05	0.0	8.84	0.0	8.63	0.0	15.06	MuSiC
SRR10192384	0.0	0.0	2.74	0.0	0.05	0.0	0.0	0.0	34.55	0.0	0.0	0.0	0.02	0.0	0.0	0.0	3.98	0.0	0.0	3.51	0.0	0.0	0.0	0.01	0.0	6.22	0.0	3.03	0.0	45.89	MuSiC
SRR10192232	0.0	0.0	18.33	0.0	0.0	0.0	0.0	0.0	44.05	0.0	0.0	0.0	0.05	0.0	0.0	0.0	10.54	0.0	0.0	2.23	0.0	0.0	0.0	0.0	0.0	8.49	0.0	3.39	0.0	12.91	MuSiC
SRR10192263	0.0	0.0	10.23	0.0	0.0	0.0	1.95	0.0	50.28	0.0	0.0	0.0	0.08	0.0	0.0	0.0	6.97	0.0	0.0	3.7	0.0	0.0	0.0	0.04	0.0	10.54	0.0	6.19	0.0	10.03	MuSiC
SRR10192377	0.0	0.0	9.76	0.0	0.0	0.0	0.0	0.0	52.15	0.0	0.0	0.0	0.02	0.0	0.0	0.0	9.1	0.0	0.0	1.64	0.0	0.0	0.0	0.06	0.0	5.23	0.0	3.09	0.0	18.94	MuSiC
SRR10192402	0.0	0.0	10.24	0.0	0.0	0.0	0.0	0.0	39.19	0.0	0.0	0.0	0.1	0.0	0.0	0.0	10.04	0.0	0.0	1.67	0.0	0.0	0.0	0.0	0.0	10.49	0.0	2.21	0.0	26.06	MuSiC
SRR10192376	0.0	0.0	10.22	0.0	0.0	0.0	0.0	0.0	48.53	0.0	0.0	0.0	0.17	0.0	0.0	0.0	8.78	0.0	0.0	2.47	0.0	0.0	0.0	0.01	0.0	10.35	0.0	4.01	0.0	15.48	MuSiC
SRR10192197	0.0	0.0	7.35	0.0	0.0	0.0	0.04	0.0	61.05	0.0	0.0	0.0	0.13	0.0	0.0	0.0	4.53	0.0	0.0	2.49	0.0	0.0	0.0	0.12	0.0	11.08	0.0	5.07	0.0	8.13	MuSiC
SRR10192220	2.49	0.0	5.33	0.0	17.3	0.0	0.0	0.0	40.11	0.0	0.0	0.0	0.04	0.0	0.0	0.0	12.64	0.0	0.0	1.66	0.0	0.0	0.0	0.0	0.0	1.86	0.0	3.5	0.0	15.06	MuSiC
SRR10192471	0.0	0.0	8.09	0.0	0.0	0.0	0.0	0.0	57.84	0.0	0.0	0.0	0.04	0.0	0.0	0.0	6.84	0.0	0.0	3.3	0.0	0.0	0.0	0.0	0.0	8.64	0.0	4.0	0.0	11.24	MuSiC
SRR10192250	0.0	0.0	10.09	0.0	0.0	0.0	0.0	0.0	57.42	0.0	0.0	0.0	0.42	0.0	0.0	0.0	6.51	0.0	0.0	2.61	0.0	0.0	0.0	0.0	0.0	7.48	0.0	6.36	0.0	9.11	MuSiC
SRR10192248	0.0	0.0	9.46	0.0	0.0	0.0	3.37	0.0	51.31	0.0	0.0	0.0	0.2	0.0	0.0	0.0	4.06	0.0	0.0	2.93	0.0	0.0	0.0	0.19	0.0	8.08	0.0	8.4	0.0	12.0	MuSiC
SRR10192217	0.0	0.0	3.65	0.0	0.0	0.0	5.81	0.0	50.8	0.0	0.0	0.0	0.17	0.0	0.0	0.0	5.52	0.0	0.0	3.29	0.0	0.0	0.0	0.23	0.0	13.56	0.0	2.85	0.0	14.11	MuSiC
SRR10192312	0.0	0.0	11.25	0.0	0.0	0.0	0.0	0.0	38.4	0.0	0.0	0.0	1.41	0.0	0.0	0.0	9.02	0.0	0.0	1.17	0.0	0.0	0.0	0.0	0.0	3.76	0.0	2.95	0.0	32.05	MuSiC
SRR10192398	0.0	0.0	10.17	0.0	0.0	0.0	1.83	0.0	52.36	0.0	0.0	0.0	0.11	0.0	0.0	0.0	5.94	0.0	0.0	1.95	0.0	0.0	0.0	0.03	0.0	8.59	0.0	2.4	0.0	16.62	MuSiC
SRR10192252	0.0	0.0	14.87	0.0	0.0	0.0	0.0	0.0	48.37	0.0	0.0	0.0	0.04	0.0	0.0	0.0	16.78	0.0	0.0	1.23	0.0	0.0	0.0	0.0	0.0	3.43	0.0	4.35	0.0	10.93	MuSiC
SRR10192194	0.0	0.0	7.36	0.0	0.0	0.0	4.21	0.0	51.48	0.0	0.0	0.0	0.06	0.0	0.0	0.0	9.8	0.0	0.0	5.7	0.0	0.0	0.0	0.0	0.0	4.82	0.0	5.71	0.0	10.86	MuSiC
SRR10192215	0.0	0.0	4.31	0.0	0.0	0.0	0.0	0.0	56.46	0.0	0.0	0.0	0.11	0.0	0.0	0.0	6.62	0.0	0.0	3.69	0.0	0.02	0.0	0.18	0.0	4.54	0.0	8.01	0.0	16.06	MuSiC
SRR10192388	0.0	0.0	3.5	0.0	0.0	0.0	4.3	0.0	51.07	0.0	0.0	0.0	0.58	0.0	0.0	0.0	2.73	0.0	0.0	6.93	0.0	0.0	0.0	0.0	0.0	4.63	0.0	2.45	0.0	23.81	MuSiC
SRR10192387	0.0	0.0	2.94	0.0	0.0	0.0	2.85	0.0	35.41	0.0	0.0	0.0	0.08	0.0	0.0	0.0	4.9	0.0	0.0	0.94	0.0	0.0	0.0	0.0	0.0	7.76	0.0	1.41	0.0	43.71	MuSiC
SRR10192363	0.0	0.0	3.67	0.0	0.0	0.0	2.11	0.0	41.35	0.0	0.0	0.0	0.07	0.0	0.0	0.0	7.56	0.0	0.0	3.04	0.0	0.0	0.0	0.0	0.0	5.97	0.0	3.01	0.0	33.22	MuSiC
SRR10192203	0.0	0.0	14.11	0.0	2.86	0.0	0.0	0.0	51.37	0.0	0.0	0.0	0.37	0.0	0.0	0.0	6.74	0.0	0.0	1.9	0.0	0.0	0.0	0.0	0.0	6.19	0.0	2.18	0.0	14.28	MuSiC
SRR10192180	0.0	0.0	4.75	0.0	0.0	0.0	6.13	0.0	54.08	0.0	0.0	0.0	0.73	0.0	0.0	0.0	3.97	0.0	0.0	2.56	0.0	0.0	0.0	0.0	0.0	9.16	0.0	4.08	0.0	14.53	MuSiC
SRR10192395	5.8	0.0	0.0	0.0	27.89	0.0	0.0	0.0	24.79	0.0	0.0	0.0	0.08	0.0	0.05	0.0	3.63	0.0	0.0	0.0	0.0	0.0	0.0	0.03	0.0	2.08	0.0	0.98	0.0	34.69	MuSiC
SRR10192245	0.0	0.0	10.17	0.0	0.0	0.0	0.0	0.0	52.46	0.0	0.0	0.0	0.18	0.0	0.0	0.0	7.46	0.0	0.0	3.14	0.0	0.0	0.0	0.05	0.0	0.53	0.0	6.41	0.0	19.61	MuSiC
SRR10192367	0.0	0.0	14.59	0.0	0.0	0.0	0.0	0.0	53.98	0.0	0.0	0.0	0.43	0.0	0.0	0.0	5.4	0.0	0.0	3.16	0.0	0.0	0.0	0.18	0.0	4.52	0.0	1.24	0.0	16.5	MuSiC
SRR10192246	0.0	0.0	11.95	0.0	0.0	0.0	0.0	0.0	53.56	0.0	0.0	0.0	0.12	0.0	0.0	0.0	7.46	0.0	0.0	3.01	0.0	0.0	0.0	0.03	0.0	8.45	0.0	6.43	0.0	8.97	MuSiC
SRR10192268	0.0	0.0	7.73	0.0	0.0	0.0	1.33	0.0	51.9	0.0	0.0	0.0	0.11	0.0	0.0	0.0	6.55	0.0	0.0	2.48	0.0	0.0	0.0	0.01	0.0	5.03	0.0	3.67	0.0	21.19	MuSiC
SRR10192177	0.0	0.0	7.32	0.0	0.0	0.0	1.97	0.0	57.01	0.0	0.0	0.0	0.19	0.0	0.0	0.0	8.81	0.0	0.0	2.6	0.0	0.0	0.0	0.05	0.0	5.99	0.0	4.52	0.0	11.53	MuSiC
SRR10192385	0.0	0.0	7.83	0.0	0.0	0.0	1.52	0.0	42.07	0.0	0.0	0.0	1.0	0.0	0.0	0.0	5.24	0.0	0.0	1.54	0.0	0.01	0.0	0.1	0.0	17.45	0.0	1.5	0.0	21.75	MuSiC
SRR10192378	0.0	0.0	5.03	0.0	0.03	0.0	0.0	0.0	41.39	0.0	0.0	0.0	0.02	0.0	0.0	0.0	5.84	0.0	0.0	1.17	0.0	0.0	0.0	0.0	0.0	9.79	0.0	2.47	0.0	34.25	MuSiC
SRR10192400	0.0	0.0	10.99	0.0	0.0	0.0	0.0	0.0	45.55	0.0	0.0	0.0	0.18	0.0	0.0	0.0	16.8	0.0	0.0	0.64	0.0	0.0	0.0	0.0	0.0	3.56	0.0	1.82	0.0	20.46	MuSiC
SRR10192390	0.0	0.0	13.7	0.0	0.0	0.0	0.0	0.0	37.83	0.0	0.0	0.0	0.62	0.0	0.0	0.0	9.46	0.0	0.0	2.19	0.0	0.01	0.0	0.0	0.0	11.49	0.0	1.9	0.0	22.78	MuSiC
SRR10192462	0.0	0.0	10.71	0.0	0.0	0.0	0.0	0.0	59.14	0.0	0.0	0.0	1.01	0.0	0.0	0.0	8.46	0.0	0.0	3.24	0.0	0.0	0.0	0.0	0.0	5.11	0.0	5.55	0.0	6.78	MuSiC
SRR10192185	1.62	0.0	11.32	0.0	11.51	0.0	0.02	0.0	44.56	0.0	0.0	0.0	0.04	0.0	0.0	0.0	5.98	0.0	0.01	2.57	0.0	0.0	0.0	0.2	0.0	3.06	0.0	2.27	0.0	16.86	MuSiC
SRR10192429	0.0	0.0	13.48	0.0	0.0	0.0	0.0	0.0	48.63	0.0	0.0	0.0	1.32	0.0	0.0	0.0	5.65	0.0	0.0	2.25	0.0	0.0	0.0	0.0	0.0	6.89	0.0	2.26	0.0	19.52	MuSiC
SRR10192394	0.0	0.0	3.46	0.0	0.0	0.0	0.95	0.0	45.62	0.0	0.0	0.0	0.22	0.0	0.0	0.0	7.52	0.0	0.0	2.76	0.0	0.0	0.0	0.05	0.0	11.85	0.0	4.58	0.0	23.0	MuSiC
SRR10192411	0.0	0.0	7.28	0.0	0.0	0.0	5.05	0.0	55.93	0.0	0.0	0.0	1.9	0.0	0.0	0.0	5.22	0.0	0.0	3.91	0.0	0.01	0.0	0.01	0.0	8.58	0.0	4.13	0.0	7.98	MuSiC
SRR10192386	0.0	0.0	2.28	0.0	0.0	0.0	0.34	0.0	41.19	0.0	0.0	0.0	1.01	0.0	0.0	0.0	3.62	0.0	0.0	2.91	0.0	0.01	0.0	0.0	0.0	9.93	0.0	1.2	0.0	37.51	MuSiC
SRR10192401	0.05	0.0	10.38	0.0	2.67	0.0	0.0	0.0	50.14	0.0	0.0	0.0	0.04	0.0	0.0	0.0	9.41	0.0	0.0	2.47	0.01	0.0	0.0	0.01	0.0	6.82	0.0	6.01	0.0	12.01	MuSiC
SRR10192496	0.0	0.0	7.1	0.0	1.84	0.0	0.0	0.0	44.0	0.0	0.0	0.0	0.28	0.0	0.0	0.0	8.63	0.0	0.0	2.86	0.0	0.0	0.0	0.0	0.0	5.93	0.0	5.89	0.0	23.47	MuSiC
SRR10192184	0.0	0.0	4.4	0.0	0.0	0.0	7.04	0.0	56.87	0.0	0.0	0.0	0.45	0.0	0.0	0.0	6.34	0.0	0.0	2.89	0.0	0.0	0.0	0.0	0.0	5.65	0.0	2.83	0.0	13.52	MuSiC
SRR10192179	0.0	0.0	7.37	0.0	0.0	0.0	0.0	0.0	46.35	0.0	0.0	0.0	0.09	0.0	0.0	0.0	5.37	0.0	0.0	2.79	0.0	0.0	0.0	0.01	0.0	12.96	0.0	2.84	0.0	22.21	MuSiC
SRR10192192	2.22	0.0	2.8	0.0	5.63	0.0	0.24	0.0	46.55	0.0	0.0	0.0	0.91	0.0	0.0	0.0	13.22	0.0	0.0	3.34	0.0	0.0	0.0	0.14	0.0	2.51	0.0	6.84	0.0	15.61	MuSiC
SRR10192239	0.0	0.0	10.27	0.0	0.0	0.0	0.24	0.0	53.69	0.0	0.0	0.0	0.59	0.0	0.0	0.0	8.98	0.0	0.0	4.05	0.0	0.0	0.0	0.0	0.0	4.6	0.0	4.58	0.0	12.99	MuSiC
SRR10192207	0.0	0.0	2.18	0.0	0.0	0.0	12.26	0.0	57.01	0.0	0.0	0.0	0.08	0.0	0.0	0.0	2.43	0.0	0.0	2.61	0.0	0.01	0.0	0.3	0.0	8.62	0.0	1.62	0.01	12.86	MuSiC
SRR10192196	0.0	0.0	2.18	0.0	0.0	0.0	7.24	0.0	56.76	0.0	0.0	0.0	0.23	0.0	0.0	0.0	3.1	0.0	0.0	2.65	0.0	0.0	0.0	0.17	0.0	7.32	0.0	3.02	0.0	17.35	MuSiC
SRR10192451	0.0	0.0	6.72	0.0	0.0	0.0	1.8	0.0	37.45	0.0	0.0	0.0	0.05	0.0	0.0	0.0	3.9	0.0	0.0	1.71	0.0	0.0	0.0	0.07	0.0	9.22	0.0	2.9	0.0	36.17	MuSiC
SRR10192181	0.0	0.0	1.68	0.0	2.33	0.0	0.0	0.0	56.04	0.0	0.0	0.0	0.8	0.0	0.0	0.0	7.44	0.0	0.0	8.03	0.0	0.0	0.0	0.08	0.0	4.87	0.0	7.19	0.0	11.54	MuSiC
SRR10192224	0.0	0.0	12.55	0.0	0.0	0.0	0.0	0.0	44.09	0.0	0.0	0.0	0.13	0.0	0.0	0.0	8.63	0.0	0.0	3.45	0.0	0.0	0.0	0.01	0.0	12.63	0.0	4.63	0.0	13.87	MuSiC
SRR10192226	0.0	0.0	6.06	0.0	0.0	0.0	1.16	0.0	53.02	0.0	0.0	0.0	0.11	0.0	0.0	0.0	6.66	0.0	0.0	2.21	0.0	0.0	0.0	0.1	0.0	12.71	0.0	3.39	0.0	14.58	MuSiC
SRR10192371	0.0	0.0	5.35	0.0	0.05	0.0	0.02	0.0	36.45	0.0	0.0	0.0	0.08	0.0	0.0	0.0	4.23	0.0	0.0	1.85	0.0	0.0	0.0	0.03	0.0	6.77	0.0	2.36	0.0	42.81	MuSiC
SRR10192187	0.0	0.0	2.05	0.0	3.11	0.0	9.77	0.0	55.2	0.0	0.0	0.0	0.07	0.0	0.0	0.0	3.73	0.0	0.0	2.56	0.0	0.0	0.0	0.13	0.0	0.85	0.0	7.71	0.0	14.82	MuSiC
SRR10192210	0.0	0.0	3.95	0.0	0.0	0.0	3.61	0.0	48.38	0.0	0.0	0.0	0.1	0.0	0.0	0.0	4.74	0.0	0.0	3.1	0.0	0.0	0.0	0.07	0.0	18.13	0.0	5.33	0.0	12.59	MuSiC
SRR10192223	0.0	0.0	5.05	0.0	0.0	0.0	0.1	0.0	38.69	0.0	0.0	0.0	0.54	0.0	0.0	0.0	7.77	0.0	0.0	2.46	0.0	0.0	0.0	0.01	0.0	11.34	0.0	0.99	0.0	33.05	MuSiC
SRR10192182	0.0	0.0	2.54	0.0	8.36	0.0	0.86	0.0	48.54	0.0	0.0	0.0	0.39	0.0	0.0	0.0	10.62	0.0	0.0	6.03	0.0	0.0	0.0	0.11	0.0	2.06	0.0	8.67	0.0	11.82	MuSiC
SRR10192359	0.0	0.0	10.65	0.0	0.0	0.0	0.56	0.0	54.31	0.0	0.0	0.0	0.3	0.0	0.0	0.0	4.88	0.0	0.0	2.74	0.0	0.0	0.0	0.03	0.0	7.93	0.0	2.56	0.0	16.05	MuSiC
SRR10192237	0.0	0.0	5.15	0.0	0.0	0.0	4.9	0.0	57.33	0.0	0.0	0.0	0.18	0.0	0.0	0.0	4.54	0.0	0.0	5.02	0.0	0.0	0.0	0.01	0.0	5.46	0.0	5.31	0.0	12.1	MuSiC
SRR10192379	0.0	0.0	4.2	0.0	7.04	0.0	0.0	0.0	48.92	0.0	0.0	0.0	0.03	0.0	0.0	0.0	12.95	0.0	0.01	1.49	0.0	0.0	0.0	0.16	0.0	3.84	0.0	5.75	0.0	15.6	MuSiC
SRR10192404	0.0	0.0	6.09	0.0	0.0	0.0	0.0	0.0	28.64	0.0	0.0	0.0	0.05	0.0	0.0	0.0	4.27	0.0	0.0	0.78	0.0	0.0	0.0	0.0	0.0	0.54	0.0	0.78	0.0	58.83	MuSiC
SRR10192243	0.08	0.0	11.01	0.0	0.0	0.0	4.57	0.0	52.96	0.0	0.0	0.0	0.33	0.0	0.0	0.0	7.5	0.0	0.0	2.62	0.0	0.0	0.0	0.0	0.0	0.72	0.0	3.68	0.0	16.51	MuSiC
SRR10192193	0.0	0.0	2.69	0.0	0.0	0.0	3.98	0.0	59.27	0.0	0.0	0.0	0.37	0.0	0.0	0.0	6.66	0.0	0.0	5.29	0.0	0.0	0.0	0.05	0.0	2.86	0.0	4.28	0.0	14.55	MuSiC
SRR10192380	6.81	0.0	0.01	0.0	39.49	0.0	0.0	0.0	26.29	0.0	0.0	0.0	0.01	0.04	5.31	0.0	0.13	0.0	0.0	0.0	0.0	0.0	0.0	0.05	0.13	0.57	0.2	0.01	0.0	20.96	MuSiC
SRR10192208	0.0	0.0	3.01	0.0	6.68	0.0	0.15	0.0	51.43	0.0	0.0	0.0	0.04	0.0	0.0	0.0	11.82	0.0	0.0	6.13	0.0	0.0	0.0	0.1	0.0	1.19	0.0	3.2	0.0	16.26	MuSiC
SRR10192259	0.0	0.0	10.4	0.0	0.13	0.0	0.0	0.0	31.47	0.0	0.0	0.0	0.05	0.0	0.0	0.0	20.43	0.0	0.0	5.18	0.0	0.0	0.0	0.0	0.0	7.81	0.0	14.09	0.0	10.44	MuSiC
SRR10192183	0.0	0.0	1.73	0.0	0.0	0.0	18.02	0.0	42.87	0.0	0.0	0.0	1.61	0.0	0.0	0.01	0.08	0.0	0.01	2.22	0.0	0.0	0.0	0.02	0.0	11.55	0.0	3.25	0.0	18.63	MuSiC
SRR10192228	0.0	0.0	4.86	0.0	10.51	0.0	2.74	0.0	48.87	0.0	0.0	0.0	0.29	0.0	0.0	0.0	8.35	0.0	0.01	2.64	0.0	0.0	0.0	0.05	0.0	6.15	0.0	4.41	0.0	11.12	MuSiC
SRR10192174	0.0	0.0	1.46	0.0	0.0	0.07	16.18	0.0	48.63	0.01	0.0	0.0	0.18	0.0	0.0	0.0	2.84	0.0	0.01	2.32	0.0	0.0	0.0	0.37	0.0	5.56	0.0	3.88	0.0	18.47	MuSiC
SRR10192230	0.0	0.0	7.68	0.0	0.0	0.0	4.03	0.0	52.09	0.0	0.0	0.0	0.09	0.0	0.0	0.0	3.72	0.0	0.0	4.88	0.0	0.0	0.0	0.14	0.0	7.97	0.0	1.8	0.02	17.58	MuSiC
SRR10192406	0.0	0.0	11.15	0.0	0.0	0.0	0.0	0.0	56.18	0.0	0.0	0.0	0.68	0.0	0.0	0.0	7.0	0.0	0.0	2.11	0.0	0.0	0.0	0.0	0.0	0.0	0.0	1.62	0.0	21.26	MuSiC
SRR10192472	0.03	0.0	5.09	0.0	0.02	0.0	6.36	0.0	55.8	0.0	0.0	0.0	0.19	0.0	0.0	0.0	2.06	0.0	0.0	1.92	0.0	0.03	0.0	0.15	0.0	5.42	0.0	2.7	0.0	20.23	MuSiC
SRR10192382	0.0	0.0	7.52	0.0	11.59	0.0	0.0	0.0	46.65	0.0	0.0	0.0	0.03	0.0	0.0	0.0	10.51	0.0	0.0	5.38	0.0	0.0	0.0	0.06	0.0	0.1	0.0	5.09	0.0	13.07	MuSiC
SRR10192198	0.0	0.0	13.52	0.0	0.0	0.0	1.84	0.0	43.4	0.0	0.0	0.0	0.48	0.0	0.0	0.0	12.73	0.0	0.0	0.99	0.0	0.0	0.0	0.14	0.0	4.48	0.0	1.32	0.0	21.09	MuSiC
SRR10192403	0.0	0.0	10.29	0.0	0.0	0.0	0.0	0.0	52.16	0.0	0.0	0.0	0.1	0.0	0.0	0.0	3.69	0.0	0.0	4.29	0.0	0.01	0.0	0.29	0.0	14.71	0.0	2.72	0.0	11.76	MuSiC
SRR10192334	0.0	0.0	8.22	0.0	0.05	0.0	1.01	0.0	53.3	0.0	0.0	0.0	0.15	0.0	0.0	0.0	7.16	0.0	0.0	3.51	0.0	0.01	0.0	0.0	0.0	4.01	0.0	4.6	0.01	17.97	MuSiC
SRR10192381	0.0	0.0	9.11	0.0	0.0	0.0	3.55	0.0	42.2	0.0	0.0	0.0	0.11	0.0	0.0	0.0	3.14	0.0	0.03	5.21	0.01	0.04	0.0	0.11	0.0	0.09	0.0	3.24	0.0	33.16	MuSiC
SRR10192241	0.0	0.0	5.26	0.0	0.0	0.0	5.39	0.0	57.94	0.0	0.0	0.0	0.47	0.0	0.0	0.0	3.26	0.0	0.0	3.44	0.0	0.0	0.0	0.3	0.0	7.05	0.0	4.24	0.0	12.65	MuSiC
SRR10192209	0.0	0.0	5.1	0.0	2.43	0.0	0.0	0.0	58.23	0.0	0.0	0.0	0.24	0.0	0.0	0.0	5.21	0.0	0.0	2.11	0.0	0.0	0.0	0.19	0.0	4.43	0.0	3.62	0.0	18.45	MuSiC
SRR10192214	0.0	0.0	1.94	0.0	2.44	0.0	6.74	0.0	58.11	0.0	0.0	0.0	0.29	0.0	0.0	0.0	3.06	0.0	0.06	4.26	0.0	0.01	0.0	0.16	0.0	4.05	0.0	4.58	0.0	14.29	MuSiC
SRR10192397	0.0	0.0	4.04	0.0	0.0	0.0	1.33	0.0	39.44	0.0	0.0	0.0	0.17	0.0	0.0	0.0	5.44	0.0	0.0	1.51	0.0	0.0	0.0	0.11	0.0	5.54	0.0	1.91	0.0	40.49	MuSiC
SRR10192470	0.0	0.0	7.91	0.0	0.0	0.0	9.65	0.0	49.84	0.0	0.0	0.0	0.21	0.0	0.0	0.0	4.43	0.0	0.0	1.42	0.0	0.0	0.0	0.2	0.0	7.31	0.0	3.17	0.0	15.86	MuSiC
SRR10192405	0.0	0.0	0.0	0.0	0.04	0.0	6.92	0.0	48.16	0.0	0.0	0.0	0.03	0.0	0.0	0.0	3.92	0.0	0.0	2.75	0.0	0.0	0.0	0.29	0.0	3.93	0.0	1.51	0.0	32.45	MuSiC
SRR10192409	0.0	0.0	11.63	0.0	0.05	0.0	0.0	0.0	47.6	0.0	0.0	0.0	1.45	0.0	0.0	0.0	7.84	0.0	0.02	3.63	0.02	0.01	0.0	0.0	0.0	2.71	0.0	7.98	0.01	17.04	MuSiC
SRR10192469	0.0	0.0	4.71	0.0	0.12	0.0	8.92	0.0	58.75	0.0	0.0	0.0	0.72	0.0	0.0	0.0	1.08	0.02	0.1	1.02	0.01	0.01	0.0	0.08	0.0	0.0	0.0	2.13	0.0	22.33	MuSiC
SRR10192335	0.0	0.0	1.34	0.0	0.31	0.0	6.91	0.0	57.62	0.0	0.0	0.0	0.33	0.0	0.0	0.0	1.76	0.0	0.05	1.43	0.01	0.02	0.0	0.21	0.0	3.86	0.0	1.54	0.01	24.62	MuSiC
SRR10192336	0.01	0.0	1.46	0.0	2.26	0.0	6.28	0.0	41.76	0.0	0.0	0.0	0.85	0.0	0.0	0.0	5.33	0.0	0.13	1.67	0.01	0.0	0.0	0.15	0.0	0.85	0.0	0.45	0.0	38.79	MuSiC
SRR10192373	0.0	0.73	0.0	7.09	10.61	3.21	6.93	0.26	0.0	13.08	0.0	0.0	0.04	0.43	0.0	0.0	10.11	0.0	0.8	5.92	0.05	0.0	11.58	0.69	15.27	7.79	0.0	0.0	3.16	2.25	CIBERSORTx
SRR10192369	0.0	0.0	0.0	2.51	0.0	2.25	0.0	0.0	31.87	3.19	0.0	0.0	0.02	0.0	0.0	0.1	6.03	0.0	0.08	2.02	0.0	0.0	0.18	0.13	5.79	42.85	0.0	0.0	0.1	2.88	CIBERSORTx
SRR10192389	0.33	0.0	0.0	3.39	0.0	0.0	0.0	0.0	43.02	1.86	0.0	0.0	0.03	0.0	0.0	0.17	4.05	0.02	0.07	1.63	0.0	0.0	0.0	0.09	4.65	34.98	0.0	0.0	0.05	5.68	CIBERSORTx
SRR10192234	0.0	0.03	0.0	0.51	18.75	2.29	0.0	0.03	32.11	1.92	0.0	0.0	0.02	0.09	26.91	0.0	0.49	0.0	0.04	0.0	0.01	0.0	0.0	0.03	0.0	9.11	0.02	1.09	0.04	6.52	CIBERSORTx
