	Adipose	Adrenal gland	Arteries	Bladder	Brain	Breast	FemaleReproductive	Fibroblasts	Lymphocytes	ColonSigmoid	ColonTransverse	Esophagus	EsophagusMucosa	Heart	Kidney	Liver	Lung	SalivaryGland	MuscleSkeletal	NerveTibial	Pancreas	Pituitary	Prostate	Skin	SmallIntestine	Spleen	Stomach	Testis	Thyroid	Whole blood	DeconvolutionTool
SRR13990890	0.0	0.0	5.95	0.0	0.0	0.01	2.15	0.0	31.98	0.0	0.0	0.0	0.02	0.0	0.0	0.42	15.34	0.0	0.0	2.49	0.0	0.0	0.0	0.01	0.0	2.04	0.0	0.36	0.0	39.21	BayesPrism
SRR13990887	0.0	0.0	0.5	0.01	0.0	0.16	8.51	0.0	37.06	0.02	0.0	0.12	0.01	0.0	0.0	0.14	2.4	0.0	0.0	0.14	0.0	0.0	0.0	0.05	0.0	2.66	0.0	0.0	0.0	48.2	BayesPrism
SRR13990963	0.0	0.0	4.6	0.01	0.52	0.02	7.5	0.0	41.1	0.11	0.0	0.01	0.0	0.0	0.0	0.19	7.59	0.0	0.0	2.17	0.0	0.0	0.0	0.11	0.0	3.62	0.0	0.2	0.01	32.22	BayesPrism
SRR13990899	0.01	0.0	9.91	0.0	0.01	0.0	0.01	0.0	17.27	0.01	0.0	0.0	0.0	0.0	0.0	0.29	14.87	0.0	0.0	2.41	0.0	0.0	0.0	0.0	0.0	0.17	0.0	0.79	0.0	54.23	BayesPrism
SRR13990888	0.0	0.0	1.35	0.01	0.0	0.23	9.69	0.0	37.59	0.01	0.0	0.01	0.0	0.0	0.0	0.7	10.33	0.0	0.0	2.58	0.0	0.0	0.0	0.13	0.0	12.07	0.0	0.1	0.0	25.2	BayesPrism
SRR13990964	0.0	0.0	4.33	0.05	3.6	0.05	7.67	0.0	42.63	0.09	0.0	0.01	0.0	0.0	0.0	0.18	6.64	0.0	0.0	0.82	0.0	0.0	0.0	0.09	0.0	2.68	0.0	0.0	0.01	31.15	BayesPrism
SRR13990898	1.66	0.0	4.14	0.01	0.0	0.0	5.7	0.0	25.73	0.01	0.0	0.0	0.0	0.0	0.0	0.4	6.68	0.0	0.0	0.82	0.0	0.0	0.0	0.01	0.0	3.35	0.0	0.01	0.0	51.44	BayesPrism
SRR13990965	0.0	0.0	0.01	0.01	0.0	1.33	10.04	0.0	38.43	0.0	0.0	0.64	0.01	0.0	0.0	0.42	6.42	0.0	0.0	1.83	0.0	0.0	0.0	0.09	0.0	5.21	0.0	0.02	0.01	35.5	BayesPrism
SRR13990694	0.29	0.0	3.92	0.08	0.0	0.01	6.35	0.0	23.9	0.13	0.0	0.01	0.0	0.0	0.0	0.13	4.3	0.0	0.0	2.98	0.0	0.0	0.0	0.16	0.0	15.58	0.0	0.12	0.0	42.05	BayesPrism
SRR13991077	0.0	0.0	0.0	0.0	0.0	0.12	11.08	0.0	41.99	0.01	0.01	0.01	0.0	0.0	0.0	0.12	0.06	0.0	0.04	1.62	0.0	0.0	0.01	0.38	0.0	1.05	0.0	0.56	2.56	40.37	BayesPrism
SRR13991029	18.96	0.0	0.51	0.0	0.0	0.0	0.0	0.0	12.4	0.01	0.0	0.02	0.0	0.0	0.0	0.46	0.0	0.0	0.0	0.0	0.0	0.0	0.0	0.0	0.0	0.0	0.0	0.02	0.0	67.6	BayesPrism
SRR13990642	13.85	0.0	0.94	0.0	0.0	0.0	1.29	0.0	35.79	0.01	0.0	0.01	0.0	0.0	0.0	0.21	0.88	0.0	0.0	0.25	0.0	0.0	0.0	0.02	0.0	1.13	0.0	0.02	0.0	45.58	BayesPrism
SRR13990641	14.15	0.0	0.72	0.0	0.0	0.0	1.02	0.0	35.61	0.0	0.0	0.0	0.0	0.0	0.0	0.19	1.46	0.0	0.0	0.03	0.0	0.0	0.0	0.02	0.0	1.09	0.0	0.02	0.0	45.65	BayesPrism
SRR13990760	0.0	0.0	0.39	0.01	0.18	0.13	14.03	0.0	42.49	0.01	0.0	0.02	0.0	0.0	0.0	0.04	0.3	0.0	0.0	0.07	0.0	0.0	0.0	0.16	0.0	0.69	0.0	0.23	0.0	41.24	BayesPrism
SRR13990668	8.29	0.0	5.76	0.01	0.25	0.0	1.62	0.0	34.34	0.01	0.0	0.0	0.0	0.0	0.0	0.91	6.98	0.0	0.0	0.26	0.0	0.0	0.0	0.16	0.0	0.56	0.0	0.16	0.0	40.67	BayesPrism
SRR13990669	8.46	0.0	5.49	0.01	3.18	0.0	0.88	0.0	33.31	0.06	0.0	0.0	0.0	0.0	0.0	0.85	5.37	0.0	0.0	0.01	0.0	0.0	0.0	0.11	0.0	0.7	0.0	0.04	0.0	41.51	BayesPrism
SRR13991027	0.0	0.0	0.0	0.0	0.0	1.04	15.51	0.0	45.11	0.0	0.0	0.0	0.0	0.0	0.0	1.4	1.64	0.0	0.0	2.29	0.0	0.0	0.0	0.19	0.0	7.55	0.0	0.11	1.63	23.5	BayesPrism
SRR13990911	0.0	0.0	0.0	0.0	0.0	1.26	11.44	0.0	38.79	0.0	0.0	0.0	0.0	0.0	0.0	0.5	6.05	0.0	0.0	4.54	0.0	0.0	0.0	0.21	0.0	7.4	0.0	0.11	2.33	27.34	BayesPrism
SRR13991028	0.0	0.0	0.0	0.0	0.0	1.16	16.49	0.0	44.32	0.0	0.0	0.0	0.0	0.0	0.0	1.24	1.61	0.0	0.0	2.32	0.0	0.0	0.0	0.19	0.0	6.65	0.0	0.19	1.62	24.18	BayesPrism
SRR13991081	0.01	0.0	5.47	0.19	0.0	0.01	10.32	0.08	32.0	0.01	0.0	0.01	0.0	0.0	0.0	1.66	9.03	0.0	0.0	2.61	0.0	0.0	0.0	0.15	0.0	1.02	0.0	0.01	0.0	37.42	BayesPrism
SRR13990801	0.0	0.0	0.01	0.0	0.0	1.01	11.35	0.0	41.43	0.01	0.0	0.0	0.0	0.0	0.0	0.69	6.75	0.0	0.0	2.75	0.0	0.0	0.0	0.01	0.0	7.71	0.0	0.01	0.34	27.9	BayesPrism
SRR13991031	0.0	0.0	1.62	0.01	0.0	0.73	8.39	0.0	35.76	0.0	0.0	0.02	0.01	0.0	0.0	0.14	8.65	0.0	0.0	4.44	0.0	0.0	0.0	0.07	0.0	3.71	0.0	0.01	0.0	36.42	BayesPrism
SRR13991030	19.48	0.0	0.18	0.0	0.0	0.0	0.0	0.0	9.73	0.01	0.0	0.01	0.0	0.0	0.0	0.3	0.0	0.0	0.0	0.0	0.0	0.0	0.0	0.0	0.0	0.0	0.0	0.0	0.0	70.26	BayesPrism
SRR13990761	0.01	0.0	0.08	0.01	3.12	0.12	12.29	0.0	43.15	0.08	0.0	0.01	0.0	0.0	0.0	0.04	0.09	0.0	0.0	0.0	0.0	0.0	0.0	0.15	0.0	0.14	0.0	0.01	0.0	40.67	BayesPrism
SRR13991083	1.97	0.0	19.89	0.0	1.28	0.0	0.0	0.0	17.37	0.01	0.0	0.0	0.0	0.0	0.0	0.37	9.84	0.0	0.0	0.0	0.0	0.0	0.0	0.0	0.02	0.0	0.0	0.43	0.0	48.8	BayesPrism
SRR13990750	0.0	0.0	0.16	0.02	0.01	0.03	12.97	0.14	47.38	0.01	0.0	0.42	0.01	0.0	0.0	0.14	0.98	0.0	0.0	1.26	0.0	0.0	0.0	0.04	0.01	9.3	0.0	0.4	0.0	26.69	BayesPrism
SRR13991038	0.0	0.0	0.0	0.0	0.0	0.91	18.71	0.0	42.66	0.0	0.01	0.0	0.0	0.0	0.0	1.82	3.01	0.01	0.0	0.83	0.0	0.0	0.01	0.03	0.02	7.85	0.0	0.23	0.0	23.88	BayesPrism
SRR13990661	10.52	0.0	1.02	0.01	0.0	0.0	6.05	0.0	27.24	0.01	0.06	0.01	0.0	0.0	0.0	0.55	3.26	0.0	0.01	0.48	0.0	0.0	0.02	0.35	0.0	0.44	0.0	0.28	0.04	49.64	BayesPrism
SRR13990930	0.0	0.0	3.26	0.04	0.0	0.07	12.89	0.0	32.46	0.09	0.02	0.01	0.0	0.0	0.0	0.64	4.83	0.0	0.0	1.96	0.0	0.0	0.0	0.19	0.0	2.46	0.0	0.85	1.17	39.05	BayesPrism
SRR13990966	0.0	0.0	0.01	0.01	0.0	1.47	10.73	0.0	41.22	0.01	0.0	0.63	0.09	0.0	0.0	0.45	6.02	0.0	0.0	0.71	0.0	0.0	0.01	0.01	0.0	4.26	0.0	0.08	0.07	34.22	BayesPrism
SRR13991040	0.0	0.0	0.0	0.0	0.0	1.12	19.59	0.0	41.12	0.0	0.0	0.0	0.0	0.0	0.0	1.81	2.67	0.0	0.0	0.41	0.0	0.01	0.0	0.08	0.0	8.03	0.0	0.23	0.0	24.89	BayesPrism
SRR13990869	0.0	0.0	0.0	0.0	0.0	0.42	6.65	0.08	38.77	0.0	0.97	0.0	0.0	0.0	0.0	1.8	0.12	0.0	0.07	2.2	0.0	0.0	0.0	0.16	0.0	0.29	0.0	1.17	14.47	32.8	BayesPrism
SRR13990886	0.0	0.04	0.47	1.81	2.66	0.63	8.15	0.01	39.89	0.04	0.01	0.42	0.05	0.02	0.04	1.77	9.37	0.02	0.11	0.71	0.01	0.04	0.09	0.38	0.18	3.59	0.01	3.06	0.01	26.39	BayesPrism
SRR13990763	0.02	0.0	5.83	0.03	0.18	0.04	8.01	0.0	41.15	0.25	0.0	0.01	0.13	0.0	0.0	0.23	4.8	0.0	0.01	0.68	0.0	0.0	0.0	0.24	0.0	0.26	0.0	0.6	0.0	37.52	BayesPrism
SRR13990933	7.21	0.0	1.1	0.01	0.27	0.0	11.3	0.0	35.12	0.0	0.07	0.01	0.01	0.0	0.0	0.33	2.43	0.0	0.01	0.16	0.0	0.0	0.0	0.04	0.02	0.63	0.0	0.19	0.0	41.09	BayesPrism
SRR13990889	0.0	0.0	0.0	0.0	0.0	1.06	14.86	0.01	42.68	0.0	0.0	0.0	0.0	0.0	0.0	0.74	0.28	0.0	0.0	0.19	0.0	0.0	0.01	0.25	0.14	11.68	0.0	0.11	0.0	27.94	BayesPrism
SRR13991034	0.0	0.0	4.47	0.01	0.0	0.01	8.85	0.0	31.81	0.07	0.0	0.0	0.0	0.0	0.0	0.63	8.42	0.0	0.0	1.16	0.0	0.0	0.0	0.25	0.0	2.56	0.0	0.34	0.05	41.34	BayesPrism
SRR13990799	0.0	0.0	0.0	0.01	0.0	1.11	12.18	0.0	41.39	0.0	0.0	0.04	0.01	0.0	0.0	0.69	5.77	0.0	0.01	2.49	0.0	0.0	0.0	0.01	0.0	7.26	0.0	0.13	0.49	28.4	BayesPrism
SRR13990796	0.0	0.02	11.78	0.01	6.4	0.01	0.01	0.0	31.13	0.09	0.0	0.0	0.0	0.0	0.0	0.08	15.05	0.0	0.0	0.33	0.0	0.0	0.0	0.0	0.0	0.02	0.0	0.42	0.0	34.62	BayesPrism
SRR13991048	0.0	0.0	1.55	0.0	0.0	1.26	8.92	0.0	38.77	0.02	0.01	0.02	0.01	0.0	0.0	0.16	6.79	0.0	0.0	3.26	0.0	0.0	0.0	0.04	0.0	3.08	0.0	0.12	0.0	35.95	BayesPrism
SRR13991106	0.0	0.0	0.04	0.02	0.0	0.18	14.04	0.0	39.76	0.01	0.0	0.03	0.0	0.0	0.0	0.62	2.23	0.0	0.0	1.41	0.0	0.02	0.0	0.23	0.01	2.8	0.0	0.56	0.0	38.01	BayesPrism
SRR13991087	7.74	0.01	0.14	0.26	0.0	0.0	5.18	0.0	26.9	0.03	0.0	0.57	0.05	0.0	0.0	0.34	3.21	0.03	0.08	1.05	0.0	0.3	0.12	0.14	0.14	1.23	0.01	2.05	0.01	50.39	BayesPrism
SRR13990922	0.0	0.0	0.0	0.0	0.0	0.88	9.48	0.0	44.41	0.0	0.01	0.01	0.0	0.0	0.0	0.21	0.96	0.0	0.03	0.83	0.0	0.01	0.0	0.16	0.0	5.04	0.0	0.4	0.77	36.77	BayesPrism
SRR13990813	0.0	0.0	0.0	0.0	0.0	1.24	17.9	0.01	48.14	0.0	0.0	0.0	0.0	0.0	0.0	2.0	0.02	0.0	0.0	0.0	0.0	0.0	0.01	0.31	0.0	5.74	0.0	0.16	1.12	23.32	BayesPrism
SRR13991051	4.72	0.0	1.08	0.01	0.0	0.0	10.72	0.0	33.77	0.02	0.0	0.02	0.0	0.0	0.0	0.39	1.35	0.0	0.0	0.28	0.0	0.0	0.0	0.18	0.0	1.34	0.0	0.11	0.0	46.0	BayesPrism
SRR13990804	0.04	0.0	7.78	0.01	0.0	0.0	2.56	0.0	31.48	0.05	0.0	0.0	0.0	0.0	0.0	0.41	11.2	0.0	0.0	1.32	0.0	0.0	0.0	0.08	0.0	3.78	0.0	0.41	0.0	40.87	BayesPrism
SRR13991088	8.19	0.01	0.67	0.0	0.0	0.0	5.79	0.0	28.74	0.01	0.0	0.12	0.01	0.0	0.0	0.29	2.74	0.0	0.0	0.73	0.0	0.0	0.0	0.01	0.01	1.06	0.0	0.14	0.0	51.47	BayesPrism
SRR13990821	0.0	0.0	9.12	0.0	0.0	0.0	2.61	0.0	33.71	0.02	0.0	0.0	0.0	0.0	0.0	0.54	9.38	0.0	0.0	1.03	0.0	0.0	0.0	0.07	0.0	3.75	0.0	0.28	0.0	39.45	BayesPrism
SRR13990900	22.49	0.0	0.96	0.02	0.0	0.0	0.01	0.0	19.22	0.01	0.0	0.07	0.0	0.0	0.0	0.26	0.2	0.0	0.01	0.26	0.0	0.07	0.04	0.15	0.01	0.29	0.0	0.6	0.01	55.3	BayesPrism
SRR13990931	0.0	0.0	3.54	0.0	0.0	0.15	11.92	0.0	35.17	0.1	0.0	0.01	0.0	0.0	0.0	0.69	4.78	0.0	0.0	1.25	0.0	0.0	0.01	0.09	0.0	2.31	0.0	0.67	1.6	37.69	BayesPrism
SRR13990934	7.82	0.0	1.49	0.01	0.21	0.0	11.64	0.0	34.45	0.01	0.0	0.01	0.0	0.0	0.0	0.35	1.19	0.0	0.0	0.02	0.0	0.0	0.01	0.11	0.0	0.46	0.0	0.09	0.0	42.14	BayesPrism
SRR13990630	0.88	0.0	0.0	0.0	0.0	0.6	12.33	0.11	39.23	0.0	0.0	0.02	0.0	0.0	0.0	0.71	3.55	0.0	0.0	1.06	0.0	0.0	0.01	0.14	0.0	9.16	0.0	0.03	0.0	32.14	BayesPrism
SRR13990696	1.66	0.0	6.92	0.0	0.25	0.01	5.92	0.0	35.52	0.01	0.14	0.0	0.0	0.0	0.0	0.21	8.77	0.0	0.01	0.29	0.0	0.0	0.0	0.1	0.0	0.1	0.0	0.8	0.0	39.27	BayesPrism
SRR13990723	0.0	0.0	3.21	0.01	0.0	0.21	12.79	0.63	29.32	0.0	0.01	0.01	0.0	0.0	0.0	3.51	6.61	0.0	0.01	1.81	0.0	0.0	0.0	0.82	0.0	0.67	0.0	0.24	0.05	40.07	BayesPrism
SRR13990666	10.14	0.0	0.02	0.0	0.0	0.0	9.89	0.02	32.11	0.01	0.0	0.0	0.0	0.0	0.0	0.88	1.08	0.0	0.0	0.07	0.0	0.0	0.01	0.16	0.0	1.73	0.0	0.06	0.0	43.8	BayesPrism
SRR13990693	0.03	0.0	2.1	0.32	0.0	0.05	9.24	0.0	30.59	0.49	0.0	0.02	0.01	0.0	0.0	0.21	3.87	0.0	0.02	2.12	0.0	0.02	0.0	0.24	0.0	9.72	0.0	1.28	0.0	39.66	BayesPrism
SRR13990841	0.01	0.0	2.3	0.01	0.0	0.67	14.36	0.02	36.06	0.02	0.01	0.0	0.0	0.0	0.0	1.44	5.0	0.01	0.0	1.31	0.0	0.0	0.0	0.28	0.02	1.58	0.0	0.47	0.01	36.41	BayesPrism
SRR13991085	0.38	0.0	0.94	0.0	0.0	0.08	16.39	0.0	37.9	0.01	0.0	0.01	0.0	0.0	0.0	0.56	3.39	0.0	0.0	0.8	0.0	0.0	0.0	0.38	0.0	3.59	0.0	0.19	0.0	35.37	BayesPrism
SRR13991070	12.07	0.0	5.31	0.01	0.0	0.0	0.03	0.0	24.02	0.01	0.04	0.01	0.0	0.0	0.0	0.6	0.25	0.0	0.0	0.14	0.0	0.0	0.01	0.67	0.01	0.0	0.0	0.71	1.64	54.45	BayesPrism
SRR13990765	0.0	0.0	2.44	0.0	0.35	0.08	13.56	0.0	43.49	0.01	0.0	0.0	0.0	0.0	0.0	0.26	5.63	0.0	0.0	0.57	0.0	0.0	0.0	0.09	0.0	1.57	0.0	0.67	0.0	31.25	BayesPrism
SRR13990662	9.24	0.0	0.67	0.02	1.96	0.0	5.51	0.0	29.06	0.01	0.06	0.29	0.0	0.0	0.0	0.53	3.06	0.0	0.0	0.01	0.0	0.0	0.0	0.38	0.0	0.76	0.0	0.16	0.01	48.27	BayesPrism
SRR13990795	0.0	0.02	12.38	0.01	1.67	0.01	0.03	0.0	29.11	0.02	0.0	0.0	0.0	0.0	0.0	0.08	16.75	0.0	0.0	1.46	0.0	0.0	0.0	0.0	0.0	0.12	0.0	0.5	0.0	37.81	BayesPrism
SRR13991078	0.0	0.0	1.34	0.06	0.01	0.03	19.01	0.29	35.52	0.04	0.0	0.01	0.04	0.01	0.01	2.22	6.6	0.01	0.05	0.02	0.0	0.08	0.0	0.21	0.05	2.36	0.01	1.02	0.01	30.98	BayesPrism
SRR13990812	0.0	0.0	0.0	0.0	0.0	1.04	17.62	0.0	47.87	0.0	0.0	0.0	0.0	0.0	0.0	1.79	0.05	0.0	0.0	0.09	0.0	0.0	0.0	0.32	0.0	5.86	0.0	0.18	1.81	23.35	BayesPrism
SRR13991035	0.0	0.0	3.85	0.0	0.02	0.02	9.83	0.0	35.5	0.03	0.0	0.0	0.0	0.0	0.0	0.74	7.35	0.0	0.0	0.51	0.0	0.0	0.0	0.31	0.0	1.21	0.0	0.18	0.02	40.4	BayesPrism
SRR13990843	0.0	0.0	2.8	0.0	0.0	0.11	12.56	0.0	40.12	0.02	0.0	0.0	0.0	0.0	0.0	0.54	6.05	0.0	0.01	2.09	0.0	0.0	0.0	0.44	0.0	1.32	0.01	0.98	0.74	32.18	BayesPrism
SRR13991073	0.0	0.0	1.47	0.01	0.26	0.01	11.86	0.0	44.67	0.03	0.04	0.0	0.0	0.0	0.0	0.47	4.61	0.0	0.01	1.85	0.0	0.0	0.0	0.2	0.0	0.18	0.0	0.95	0.13	33.22	BayesPrism
SRR13990677	0.0	0.0	0.18	0.03	0.0	0.66	15.19	0.01	34.53	0.01	0.0	0.17	0.0	0.0	0.0	1.44	6.83	0.0	0.0	1.39	0.0	0.01	0.0	0.14	0.0	10.66	0.0	0.16	0.0	28.55	BayesPrism
SRR13990975	0.0	0.0	2.17	0.0	0.01	0.23	7.55	0.0	38.87	0.0	0.0	0.0	0.0	0.0	0.0	0.41	5.83	0.0	0.01	3.37	0.0	0.0	0.0	0.4	0.0	0.42	0.0	0.78	1.13	38.81	BayesPrism
SRR13990613	0.0	0.01	0.0	0.0	0.0	0.73	16.36	0.05	43.65	0.0	0.0	0.0	0.03	0.01	0.01	0.27	0.01	0.03	0.16	0.26	0.01	0.33	0.02	0.75	0.22	3.35	0.04	3.52	1.91	28.25	BayesPrism
SRR13990958	0.01	0.0	3.05	0.01	0.0	0.02	10.56	0.0	33.77	0.01	0.01	0.0	0.0	0.0	0.0	2.0	6.34	0.0	0.02	3.97	0.0	0.0	0.0	0.37	0.0	0.4	0.0	0.52	2.05	36.89	BayesPrism
SRR13990711	0.01	0.0	0.0	0.0	0.0	0.14	11.07	0.0	37.44	0.0	0.0	0.0	0.0	0.0	0.0	0.35	1.23	0.0	0.0	1.95	0.0	0.0	0.0	0.23	0.0	5.19	0.0	0.09	1.96	40.29	BayesPrism
SRR13990876	20.44	0.0	0.0	0.0	0.0	0.0	0.0	0.03	1.62	0.0	0.0	0.0	0.0	0.0	0.0	0.26	0.0	0.0	0.0	0.0	0.0	0.0	0.0	0.29	0.0	0.0	0.0	0.07	0.0	77.26	BayesPrism
SRR13990985	0.03	0.01	7.35	0.02	0.01	0.0	0.07	0.0	29.57	0.28	0.02	0.01	0.0	0.0	0.0	0.68	11.77	0.0	0.0	2.92	0.0	0.01	0.0	0.06	0.0	1.19	0.0	1.18	0.0	44.79	BayesPrism
SRR13991084	0.89	0.0	19.88	0.0	1.01	0.0	0.0	0.0	20.93	0.02	0.0	0.0	0.0	0.0	0.0	0.5	9.65	0.0	0.0	0.0	0.0	0.0	0.0	0.0	0.02	0.0	0.0	0.62	0.0	46.45	BayesPrism
SRR13990901	20.68	0.0	0.74	0.01	0.0	0.0	0.01	0.0	20.67	0.01	0.0	0.01	0.01	0.0	0.0	0.21	0.12	0.0	0.0	0.05	0.0	0.01	0.01	0.1	0.0	0.14	0.0	0.21	0.0	57.01	BayesPrism
SRR13991053	3.9	0.0	1.19	0.01	0.0	0.0	10.74	0.0	37.58	0.0	0.0	0.03	0.0	0.0	0.0	0.43	1.03	0.0	0.0	0.09	0.0	0.0	0.0	0.21	0.0	0.81	0.0	0.04	0.01	43.91	BayesPrism
SRR13991082	0.01	0.0	3.84	0.08	0.0	0.06	14.74	0.21	33.57	0.01	0.0	0.01	0.0	0.0	0.0	2.03	6.71	0.0	0.0	0.82	0.0	0.0	0.0	0.21	0.0	0.12	0.0	0.04	0.0	37.52	BayesPrism
SRR13990944	0.63	0.0	0.0	0.01	0.0	0.05	13.19	0.0	32.32	0.01	0.0	0.01	0.02	0.0	0.0	0.4	1.51	0.0	0.0	0.01	0.0	0.01	0.02	0.4	0.01	3.28	0.01	0.32	0.01	47.8	BayesPrism
SRR13990667	7.91	0.0	0.17	0.01	0.0	0.01	10.91	0.04	36.05	0.01	0.0	0.0	0.0	0.0	0.0	1.0	1.63	0.0	0.0	0.01	0.0	0.0	0.0	0.16	0.0	0.21	0.0	0.01	0.0	41.85	BayesPrism
SRR13990712	0.01	0.0	0.0	0.0	0.0	0.16	12.14	0.0	37.53	0.0	0.0	0.0	0.0	0.0	0.0	0.37	1.2	0.0	0.0	1.92	0.0	0.0	0.0	0.26	0.0	4.56	0.0	0.04	1.55	40.23	BayesPrism
SRR13990873	0.0	0.0	9.13	0.05	0.44	0.0	0.08	0.0	30.65	0.11	0.0	0.01	0.0	0.0	0.0	0.28	12.82	0.0	0.0	2.39	0.0	0.0	0.0	0.16	0.0	2.31	0.0	0.5	0.04	41.0	BayesPrism
SRR13990722	0.01	0.01	2.74	0.01	0.0	0.15	11.53	0.64	31.53	0.0	0.01	0.01	0.0	0.0	0.0	3.26	6.9	0.0	0.0	2.53	0.0	0.0	0.0	0.86	0.0	0.51	0.0	0.38	0.03	38.87	BayesPrism
SRR13990877	7.13	0.0	5.26	0.03	1.31	0.0	1.16	0.0	29.18	0.05	0.0	0.01	0.0	0.0	0.0	0.39	6.74	0.0	0.01	1.51	0.0	0.0	0.0	0.52	0.0	0.02	0.0	0.71	0.01	45.93	BayesPrism
SRR13991079	0.0	0.0	0.97	0.02	0.39	0.38	18.26	0.38	39.38	0.03	0.01	0.01	0.03	0.0	0.0	1.99	5.8	0.0	0.03	0.05	0.0	0.01	0.01	0.19	0.08	1.08	0.01	1.08	0.01	29.78	BayesPrism
SRR13990845	0.0	0.0	6.85	0.0	0.0	0.01	7.87	0.0	32.8	0.33	0.0	0.0	0.0	0.0	0.0	0.3	3.67	0.0	0.0	0.25	0.0	0.0	0.0	0.72	0.0	0.07	0.0	0.2	0.15	46.76	BayesPrism
SRR13990907	0.0	0.0	0.0	0.0	0.0	0.79	16.99	0.01	45.73	0.0	0.0	0.0	0.0	0.0	0.0	0.25	0.05	0.0	0.01	0.17	0.0	0.0	0.0	0.4	0.0	3.66	0.0	0.09	0.82	31.02	BayesPrism
SRR13990842	0.01	0.0	1.64	0.0	0.0	0.93	15.46	0.0	38.69	0.0	0.01	0.0	0.0	0.0	0.0	1.57	4.08	0.0	0.0	0.55	0.0	0.0	0.0	0.2	0.01	0.8	0.0	0.26	0.0	35.75	BayesPrism
SRR13991003	19.22	0.0	1.41	0.02	0.0	0.0	0.19	0.0	23.91	0.01	0.0	0.14	0.0	0.0	0.0	0.26	1.38	0.0	0.0	0.71	0.0	0.02	0.01	0.13	0.01	0.53	0.0	0.25	0.0	51.79	BayesPrism
SRR13990631	0.38	0.0	0.0	0.01	0.0	1.13	14.29	0.15	41.65	0.0	0.0	0.01	0.01	0.0	0.0	0.82	1.95	0.0	0.0	0.68	0.0	0.0	0.0	0.16	0.01	8.77	0.0	0.01	0.0	29.95	BayesPrism
SRR13990776	0.84	0.01	13.14	0.01	3.84	0.0	0.03	0.0	28.61	0.01	0.0	0.0	0.0	0.0	0.0	0.2	9.09	0.0	0.0	0.0	0.0	0.0	0.0	0.0	0.0	0.51	0.0	0.3	0.0	43.38	BayesPrism
SRR13990960	0.0	0.0	0.01	0.0	0.09	1.43	14.89	0.0	40.47	0.01	0.0	0.01	0.0	0.0	0.0	0.49	5.24	0.0	0.0	0.97	0.0	0.0	0.0	0.01	0.0	6.14	0.0	0.12	0.0	30.08	BayesPrism
SRR13990770	2.87	0.0	7.04	0.01	0.0	0.0	5.39	0.01	30.85	0.01	0.0	0.0	0.0	0.0	0.0	0.44	8.5	0.0	0.0	1.25	0.0	0.0	0.0	0.09	0.12	1.05	0.0	0.64	0.0	41.7	BayesPrism
SRR13991002	0.0	0.0	1.79	0.0	0.01	0.21	8.56	0.0	38.04	0.01	0.0	0.0	0.0	0.0	0.0	0.35	6.1	0.0	0.0	3.61	0.0	0.0	0.0	0.49	0.0	0.36	0.0	0.67	0.78	39.0	BayesPrism
SRR13990896	1.15	0.0	2.99	0.2	0.2	0.01	7.3	0.0	27.97	0.4	0.0	0.04	0.0	0.0	0.0	0.52	4.92	0.0	0.01	0.22	0.0	0.01	0.0	0.18	0.02	1.53	0.0	0.65	0.0	51.65	BayesPrism
SRR13990652	0.0	0.0	0.0	0.01	0.0	1.13	13.79	0.01	35.65	0.0	0.01	0.03	0.0	0.0	0.0	0.51	1.96	0.0	0.0	1.92	0.0	0.0	0.0	0.17	0.0	13.32	0.0	0.34	0.13	31.01	BayesPrism
SRR13990738	10.96	0.02	0.9	0.59	0.24	0.0	2.59	0.0	24.87	0.01	0.0	0.71	0.18	0.01	0.05	0.4	5.64	0.04	0.17	1.81	0.01	0.84	0.34	0.36	0.51	0.39	0.02	4.12	0.07	44.13	BayesPrism
SRR13991023	30.13	0.0	0.0	0.0	0.0	0.0	0.0	0.0	7.26	0.0	0.0	0.0	0.0	0.0	0.0	0.19	0.0	0.0	0.0	0.0	0.0	0.0	0.0	0.0	0.0	0.0	0.0	0.0	0.0	62.4	BayesPrism
SRR13990643	5.78	0.0	4.71	0.0	0.42	0.0	5.22	0.0	34.83	0.02	0.0	0.0	0.0	0.0	0.0	0.28	4.12	0.0	0.0	0.02	0.0	0.0	0.0	0.2	0.0	0.35	0.0	0.6	0.0	43.42	BayesPrism
SRR13991014	1.16	0.0	0.01	0.01	0.0	0.01	13.67	0.0	32.65	0.0	0.01	0.0	0.0	0.0	0.0	1.48	3.56	0.0	0.0	1.45	0.0	0.0	0.01	0.06	0.01	4.09	0.0	0.2	0.0	41.62	BayesPrism
SRR13990936	0.0	0.0	2.39	0.01	0.0	1.34	10.46	0.13	25.68	0.01	0.0	0.01	0.0	0.0	0.0	0.9	11.82	0.0	0.0	7.13	0.0	0.0	0.0	0.44	0.0	0.0	0.0	0.57	0.0	39.09	BayesPrism
SRR13990844	0.0	0.0	8.05	0.02	0.0	0.0	4.81	0.0	32.97	0.59	0.0	0.0	0.0	0.0	0.0	0.29	5.63	0.01	0.0	0.52	0.0	0.0	0.0	0.5	0.0	0.2	0.0	0.5	0.4	45.48	BayesPrism
SRR13990852	0.0	0.0	0.0	0.0	0.0	1.59	16.26	0.0	42.24	0.0	0.0	0.0	0.0	0.0	0.0	0.53	1.44	0.0	0.0	0.37	0.0	0.0	0.0	0.3	0.0	3.07	0.0	0.01	0.94	33.21	BayesPrism
SRR13990664	0.36	0.0	1.9	0.01	1.79	0.31	8.37	0.0	34.56	0.02	0.02	0.01	0.0	0.01	0.0	0.87	6.33	0.0	0.0	0.78	0.0	0.0	0.0	0.37	0.01	0.09	0.0	0.48	1.37	42.32	BayesPrism
SRR13990678	0.0	0.01	0.01	0.05	0.0	0.77	16.0	0.11	34.13	0.0	0.0	0.52	0.04	0.01	0.02	1.48	5.19	0.03	0.07	1.33	0.0	0.22	0.0	0.34	0.13	8.47	0.03	1.91	0.01	29.11	BayesPrism
SRR13990710	0.0	0.0	12.21	0.0	0.0	0.4	17.69	25.04	20.4	0.0	0.01	2.38	0.0	0.0	0.0	0.22	0.16	0.0	0.0	0.15	0.0	0.0	0.02	0.35	0.02	0.65	0.0	0.11	0.13	20.04	BayesPrism
SRR13990943	0.37	0.01	0.01	0.01	0.0	0.05	11.87	0.0	33.79	0.01	0.0	0.01	0.01	0.01	0.0	0.38	1.88	0.0	0.04	0.53	0.0	0.01	0.01	0.32	0.0	3.21	0.0	0.36	0.13	46.98	BayesPrism
SRR13990679	14.41	0.0	5.75	0.01	0.0	0.0	0.01	0.0	21.29	0.1	0.06	0.0	0.01	0.0	0.0	0.42	0.42	0.0	0.0	0.42	0.0	0.0	0.0	0.4	0.0	0.15	0.0	0.43	0.59	55.5	BayesPrism
SRR13990749	0.01	0.0	0.4	0.09	0.0	0.18	13.22	0.1	48.01	0.0	0.0	0.26	0.0	0.01	0.0	0.13	0.59	0.0	0.0	0.55	0.0	0.0	0.01	0.11	0.01	8.6	0.0	0.17	0.0	27.53	BayesPrism
SRR13990820	0.0	0.0	0.0	0.0	0.0	0.2	12.42	0.0	38.3	0.0	0.0	0.0	0.0	0.0	0.0	0.47	0.75	0.0	0.0	0.95	0.0	0.0	0.0	0.77	0.0	0.45	0.0	1.23	0.08	44.34	BayesPrism
SRR13991016	3.98	0.0	15.89	0.01	0.18	0.0	0.01	0.0	23.21	0.23	0.0	0.0	0.0	0.0	0.0	0.39	7.94	0.0	0.01	0.01	0.0	0.0	0.0	0.04	0.0	0.01	0.0	0.83	0.0	47.27	BayesPrism
SRR13990708	0.0	0.0	14.03	0.0	0.0	0.07	17.57	24.24	17.96	0.01	0.0	2.12	0.0	0.0	0.0	0.23	0.38	0.0	0.0	0.41	0.0	0.0	0.01	0.38	0.0	1.79	0.0	0.2	0.04	20.52	BayesPrism
SRR13990692	15.0	0.0	0.67	0.01	0.0	0.0	2.4	0.0	22.3	0.03	0.0	0.01	0.0	0.0	0.0	0.11	0.04	0.0	0.0	0.01	0.0	0.01	0.01	0.14	0.0	0.36	0.0	0.11	0.0	58.79	BayesPrism
SRR13990956	0.02	0.0	2.03	0.01	0.0	0.06	12.56	0.0	30.3	0.0	0.0	0.0	0.0	0.0	0.0	1.69	7.17	0.0	0.01	2.51	0.0	0.0	0.0	0.63	0.0	0.45	0.0	0.25	1.75	40.55	BayesPrism
SRR13990688	0.0	0.0	0.0	0.65	1.37	0.01	11.6	0.58	46.08	0.0	0.0	1.32	0.0	0.0	0.0	0.08	0.04	0.0	0.03	0.02	0.0	0.0	0.01	0.18	0.0	8.55	0.0	0.02	0.0	29.43	BayesPrism
SRR13990835	0.0	0.01	0.01	0.01	0.0	1.62	16.98	0.17	38.17	0.01	0.0	0.0	0.01	0.0	0.0	1.42	3.89	0.0	0.01	0.27	0.0	0.01	0.0	0.46	0.0	5.21	0.0	0.41	0.01	31.31	BayesPrism
SRR13991074	0.0	0.0	2.03	0.01	0.59	0.01	11.79	0.0	42.38	0.04	0.0	0.0	0.01	0.0	0.0	0.43	4.52	0.0	0.01	1.34	0.0	0.0	0.0	0.36	0.0	0.19	0.0	0.6	0.1	35.57	BayesPrism
SRR13990995	0.0	0.0	0.0	0.0	0.0	1.04	14.22	0.0	36.8	0.0	0.0	0.0	0.0	0.0	0.0	0.62	3.61	0.0	0.01	1.49	0.0	0.0	0.0	0.25	0.03	5.38	0.0	0.46	0.48	35.56	BayesPrism
SRR13990697	1.97	0.0	6.36	0.0	0.82	0.0	6.96	0.0	33.26	0.01	0.0	0.0	0.0	0.0	0.0	0.23	8.12	0.0	0.0	0.11	0.0	0.0	0.0	0.16	0.0	0.02	0.0	0.49	0.0	41.44	BayesPrism
SRR13990997	0.0	0.0	0.0	0.0	0.0	1.23	15.26	0.0	35.36	0.01	0.01	0.0	0.0	0.0	0.0	0.63	3.48	0.0	0.02	1.49	0.0	0.0	0.0	0.39	0.04	5.57	0.01	0.52	0.16	35.82	BayesPrism
SRR13990764	0.23	0.0	5.49	0.02	0.82	0.0	7.63	0.0	38.6	0.16	0.0	0.0	0.03	0.0	0.0	0.17	4.67	0.0	0.0	0.73	0.0	0.0	0.0	0.23	0.0	0.26	0.0	0.28	0.0	40.66	BayesPrism
SRR13990836	0.0	0.0	0.0	0.01	0.0	1.52	18.27	0.02	34.43	0.0	0.03	0.0	0.0	0.0	0.01	0.94	4.61	0.01	0.0	0.06	0.0	0.01	0.0	0.32	0.01	5.45	0.0	0.27	0.0	34.0	BayesPrism
SRR13990670	0.0	0.0	2.56	0.0	0.0	0.06	10.76	0.02	32.72	0.01	0.0	0.0	0.0	0.0	0.0	0.49	4.18	0.0	0.0	1.29	0.0	0.01	0.0	0.31	0.0	2.21	0.0	0.38	0.95	44.05	BayesPrism
SRR13990891	0.01	0.0	1.02	0.0	0.0	0.17	15.66	0.0	42.24	0.01	0.0	0.0	0.0	0.0	0.0	0.58	2.71	0.01	0.0	0.1	0.0	0.01	0.0	0.03	0.0	3.66	0.01	0.25	0.0	33.53	BayesPrism
SRR13990935	0.0	0.0	2.39	0.0	0.01	0.36	10.08	0.2	26.37	0.01	0.0	0.0	0.0	0.0	0.0	1.03	14.74	0.0	0.0	8.72	0.0	0.0	0.0	0.33	0.0	0.0	0.0	0.55	0.0	35.19	BayesPrism
SRR13991046	0.0	0.0	0.0	0.0	0.0	1.59	15.57	0.0	45.79	0.0	0.0	0.0	0.0	0.0	0.0	0.59	0.0	0.0	0.01	0.35	0.0	0.0	0.0	0.31	0.0	6.83	0.0	0.15	3.78	24.99	BayesPrism
SRR13990954	0.0	0.0	1.31	0.01	0.0	0.33	13.09	0.0	43.31	0.01	0.0	0.01	0.0	0.0	0.0	0.53	5.38	0.0	0.0	1.87	0.0	0.0	0.0	0.12	0.0	7.36	0.0	0.23	0.0	26.43	BayesPrism
SRR13990824	0.0	0.0	12.51	0.01	0.0	0.0	0.01	0.0	24.93	0.09	0.02	0.0	0.01	0.0	0.0	0.78	12.91	0.0	0.0	2.28	0.0	0.0	0.0	0.43	0.0	0.27	0.0	1.61	0.0	44.11	BayesPrism
SRR13990926	0.0	0.0	0.0	0.0	0.0	1.07	14.84	0.0	37.2	0.0	0.0	0.01	0.0	0.0	0.0	3.18	2.56	0.0	0.0	0.92	0.0	0.0	0.0	0.09	0.0	7.52	0.0	0.06	0.01	32.49	BayesPrism
SRR13991086	0.49	0.0	0.82	0.0	0.0	0.1	17.16	0.0	38.79	0.0	0.0	0.01	0.0	0.0	0.0	0.54	3.33	0.0	0.0	0.41	0.0	0.0	0.0	0.34	0.0	3.04	0.0	0.2	0.0	34.77	BayesPrism
SRR13990737	12.22	0.03	1.52	0.08	0.33	0.0	3.46	0.0	23.1	0.02	0.0	0.17	0.14	0.01	0.05	0.37	5.5	0.04	0.13	1.9	0.01	0.67	0.2	0.44	0.62	0.07	0.03	3.3	0.04	45.55	BayesPrism
SRR13991047	0.0	0.0	0.0	0.0	0.0	1.62	16.12	0.0	48.96	0.0	0.0	0.0	0.0	0.01	0.0	0.64	0.0	0.0	0.0	0.0	0.0	0.0	0.0	0.39	0.0	5.13	0.0	0.14	2.93	24.03	BayesPrism
SRR13990906	0.0	0.0	0.0	0.0	0.0	0.99	11.17	0.02	50.29	0.0	0.0	0.0	0.08	0.05	0.03	0.33	0.01	0.06	0.19	0.02	0.01	0.95	0.57	0.7	0.48	7.57	0.04	3.32	0.95	22.17	BayesPrism
SRR13990759	0.0	0.0	0.72	0.01	0.18	0.35	11.07	0.0	43.52	0.01	0.01	0.0	0.03	0.0	0.0	0.71	3.93	0.0	0.02	1.21	0.0	0.0	0.0	0.09	0.01	3.47	0.0	0.42	0.12	34.12	BayesPrism
SRR13991017	0.0	0.0	3.06	0.0	0.02	0.05	14.25	0.0	40.48	0.04	0.0	0.0	0.0	0.0	0.0	2.9	5.99	0.0	0.01	1.24	0.0	0.0	0.0	0.16	0.04	1.45	0.0	0.61	0.0	29.66	BayesPrism
SRR13990701	0.0	0.05	0.0	0.01	0.01	0.16	7.39	0.32	33.97	0.01	0.0	1.35	0.67	0.17	0.32	0.81	0.22	0.33	0.51	1.12	0.03	3.69	3.21	1.27	1.98	8.48	0.19	10.62	0.59	22.52	BayesPrism
SRR13990719	0.0	0.0	0.01	0.0	0.0	0.91	19.78	0.0	43.16	0.0	0.0	0.03	0.0	0.0	0.0	0.23	0.32	0.0	0.0	0.55	0.0	0.0	0.0	0.31	0.02	4.07	0.0	0.2	0.01	30.38	BayesPrism
SRR13990914	0.0	0.0	0.0	0.0	0.0	2.2	12.32	0.41	39.41	0.0	0.01	0.01	0.21	0.0	0.01	3.39	2.34	0.03	0.02	1.09	0.0	0.0	0.0	0.16	0.04	3.15	0.0	0.67	1.81	32.7	BayesPrism
SRR13990702	0.0	0.06	0.0	0.01	0.06	0.24	12.65	0.08	38.46	0.0	0.0	0.72	0.41	0.14	0.15	0.73	0.2	0.23	0.38	0.39	0.02	1.96	0.9	1.0	1.83	4.58	0.22	8.42	0.4	25.76	BayesPrism
SRR13990851	0.0	0.0	0.0	0.0	0.0	1.96	14.08	0.0	42.92	0.0	0.0	0.0	0.0	0.0	0.0	0.48	2.17	0.0	0.0	0.99	0.0	0.0	0.0	0.28	0.0	3.86	0.0	0.08	0.58	32.55	BayesPrism
SRR13990897	0.04	0.0	7.28	0.0	4.76	0.0	0.0	0.0	25.44	0.06	0.0	0.01	0.01	0.0	0.0	0.48	12.56	0.0	0.01	0.23	0.0	0.0	0.0	0.05	0.0	0.0	0.0	1.04	0.0	48.01	BayesPrism
SRR13990819	0.02	0.0	0.0	0.0	0.0	0.34	12.12	0.0	36.56	0.0	0.0	0.0	0.0	0.0	0.0	0.49	0.4	0.0	0.0	1.16	0.0	0.0	0.0	0.79	0.0	0.64	0.0	1.79	0.24	45.44	BayesPrism
SRR13990680	13.31	0.0	4.32	0.01	0.03	0.0	0.38	0.0	22.04	0.6	0.06	0.06	0.05	0.01	0.0	0.45	0.43	0.01	0.08	0.24	0.0	0.23	0.04	0.67	0.03	0.01	0.01	2.34	0.81	53.77	BayesPrism
SRR13991049	9.84	0.0	0.15	0.0	0.0	0.0	6.8	0.0	28.07	0.01	0.0	0.01	0.0	0.0	0.0	0.21	0.07	0.0	0.0	0.22	0.0	0.0	0.0	0.21	0.0	0.0	0.0	0.01	0.0	54.37	BayesPrism
SRR13990999	0.01	0.0	1.72	0.0	2.98	0.23	13.23	0.0	39.64	0.01	0.0	0.0	0.0	0.0	0.0	1.24	6.75	0.0	0.0	0.25	0.0	0.0	0.0	0.11	0.0	1.35	0.0	0.21	0.0	32.26	BayesPrism
SRR13990632	0.0	0.0	0.0	0.0	0.0	1.83	20.28	0.01	44.73	0.0	0.01	0.0	0.0	0.0	0.0	1.21	0.68	0.0	0.0	0.02	0.0	0.0	0.0	0.1	0.01	4.06	0.0	0.05	0.0	26.99	BayesPrism
SRR13990942	0.02	0.0	1.58	0.01	0.0	0.48	14.99	0.0	43.02	0.0	0.0	0.01	0.0	0.0	0.0	0.38	2.48	0.0	0.01	0.07	0.0	0.0	0.0	0.17	0.0	1.3	0.0	0.31	0.0	35.15	BayesPrism
SRR13990771	2.63	0.0	5.63	0.0	0.02	0.01	8.2	0.01	32.03	0.01	0.0	0.0	0.0	0.0	0.0	0.56	6.19	0.0	0.0	0.32	0.0	0.0	0.0	0.13	0.09	0.34	0.0	0.17	0.0	43.65	BayesPrism
SRR13991064	11.8	0.0	5.78	0.01	0.0	0.0	0.03	0.0	28.05	0.01	0.0	0.0	0.0	0.0	0.0	0.64	3.21	0.0	0.0	0.91	0.0	0.0	0.0	0.04	0.0	0.59	0.0	0.46	0.0	48.43	BayesPrism
SRR13990937	0.0	0.0	1.51	0.01	0.0	0.52	12.16	0.0	40.34	0.01	0.0	0.01	0.0	0.0	0.0	0.65	6.33	0.0	0.0	2.59	0.0	0.0	0.0	0.06	0.0	6.99	0.0	0.18	0.0	28.62	BayesPrism
SRR13991019	1.91	0.0	7.37	0.02	0.0	0.0	4.75	0.0	32.06	0.09	0.0	0.0	0.0	0.0	0.0	0.23	4.43	0.0	0.0	0.33	0.0	0.0	0.0	0.07	0.0	0.0	0.0	0.22	0.0	48.51	BayesPrism
SRR13991015	3.36	0.0	15.97	0.0	0.24	0.0	0.0	0.0	22.9	0.01	0.0	0.0	0.0	0.0	0.0	0.31	8.76	0.0	0.0	0.0	0.0	0.0	0.0	0.04	0.0	0.0	0.0	0.72	0.0	47.65	BayesPrism
SRR13990955	0.0	0.0	1.15	0.0	0.0	0.35	14.02	0.0	45.57	0.01	0.0	0.0	0.0	0.0	0.0	0.56	4.78	0.0	0.0	1.38	0.0	0.0	0.02	0.1	0.0	5.24	0.0	0.26	0.0	26.53	BayesPrism
SRR13991018	0.0	0.0	2.8	0.0	0.0	0.15	14.67	0.0	43.27	0.03	0.0	0.0	0.0	0.0	0.0	3.28	5.25	0.01	0.01	1.32	0.0	0.0	0.0	0.16	0.08	0.77	0.0	0.62	0.01	27.56	BayesPrism
SRR13990644	5.61	0.0	4.7	0.0	0.01	0.0	5.57	0.0	38.97	0.01	0.01	0.0	0.0	0.0	0.0	0.32	3.53	0.0	0.0	0.01	0.0	0.0	0.0	0.18	0.0	0.21	0.0	0.47	0.0	40.38	BayesPrism
SRR13990872	0.0	0.0	8.56	0.05	0.15	0.01	0.13	0.0	31.02	0.24	0.01	0.01	0.0	0.0	0.0	0.33	11.71	0.0	0.0	2.55	0.0	0.0	0.0	0.2	0.01	2.18	0.0	1.04	0.07	41.71	BayesPrism
SRR13990905	0.0	0.0	0.0	0.0	0.0	1.35	11.7	0.0	52.49	0.0	0.0	0.01	0.0	0.0	0.0	0.25	0.02	0.01	0.0	0.0	0.0	0.0	0.01	0.19	0.01	8.12	0.0	0.05	0.23	25.53	BayesPrism
SRR13990743	0.0	0.0	4.35	0.03	5.49	1.0	12.46	3.79	33.88	0.1	0.0	0.08	0.0	0.0	0.0	0.25	5.96	0.06	0.0	0.02	0.0	0.0	0.0	0.22	0.0	0.64	0.0	0.58	1.14	29.93	BayesPrism
SRR13990721	0.0	0.0	0.0	0.0	0.0	1.37	18.55	0.0	45.99	0.0	0.01	0.01	0.0	0.0	0.0	0.29	0.43	0.0	0.0	0.58	0.0	0.0	0.02	0.22	0.01	3.41	0.0	0.39	0.02	28.66	BayesPrism
SRR13990925	0.0	0.0	0.0	0.0	0.0	1.64	22.15	0.24	42.23	0.0	0.0	0.0	0.0	0.0	0.0	1.26	3.02	0.0	0.0	0.0	0.0	0.0	0.0	0.16	0.0	5.78	0.0	0.21	0.0	23.28	BayesPrism
SRR13990967	0.0	0.0	0.0	0.01	0.0	0.76	19.03	0.0	47.36	0.01	0.0	0.0	0.01	0.0	0.0	0.78	1.92	0.0	0.01	0.35	0.0	0.0	0.0	0.05	0.03	3.81	0.01	0.69	0.0	25.13	BayesPrism
SRR13990757	0.0	0.0	0.33	0.03	0.0	0.32	11.05	0.0	44.1	0.03	0.01	0.07	0.04	0.0	0.0	0.65	3.87	0.0	0.01	1.22	0.0	0.0	0.01	0.19	0.0	3.61	0.0	0.55	0.15	33.74	BayesPrism
SRR13991065	8.15	0.0	5.07	0.01	0.01	0.0	0.63	0.0	31.66	0.01	0.01	0.0	0.0	0.0	0.0	0.68	4.1	0.0	0.0	1.11	0.0	0.0	0.0	0.04	0.0	0.05	0.0	0.63	0.01	47.81	BayesPrism
SRR13990689	0.0	0.07	0.0	0.31	0.52	0.0	10.64	0.59	44.41	0.0	0.0	1.72	0.24	0.05	0.12	0.15	0.01	0.08	0.26	0.04	0.01	1.35	0.89	0.56	0.82	7.75	0.09	3.77	0.1	25.44	BayesPrism
SRR13990700	0.0	0.0	0.0	0.0	0.13	1.49	17.46	0.0	42.55	0.0	0.0	0.0	0.0	0.0	0.0	0.25	1.49	0.01	0.02	0.05	0.0	0.0	0.0	0.3	0.05	4.27	0.0	0.45	0.01	31.42	BayesPrism
SRR13990959	0.0	0.0	0.02	0.01	0.0	1.2	15.13	0.0	39.62	0.01	0.0	0.0	0.0	0.0	0.0	0.45	5.21	0.0	0.0	1.06	0.0	0.0	0.0	0.09	0.0	6.32	0.0	0.19	0.0	30.66	BayesPrism
SRR13990772	0.0	0.0	0.0	0.0	0.0	1.32	19.47	0.0	35.86	0.0	0.0	0.0	0.0	0.0	0.0	1.24	2.2	0.0	0.0	0.09	0.0	0.0	0.01	0.38	0.01	5.34	0.0	0.19	0.01	33.85	BayesPrism
SRR13990671	0.01	0.0	2.37	0.02	0.5	0.05	10.73	0.01	34.54	0.02	0.0	0.01	0.0	0.01	0.0	0.56	3.16	0.0	0.0	0.9	0.0	0.0	0.01	0.41	0.0	1.22	0.0	0.43	1.21	43.83	BayesPrism
SRR13990938	0.0	0.0	0.26	0.0	0.21	1.89	13.99	0.0	44.47	0.01	0.0	0.01	0.0	0.0	0.0	0.67	4.52	0.0	0.0	1.16	0.0	0.0	0.0	0.07	0.0	3.03	0.0	0.44	0.0	29.23	BayesPrism
SRR13991091	0.61	0.0	3.32	0.01	0.28	0.0	10.86	0.0	32.82	0.01	0.0	0.0	0.0	0.0	0.0	0.31	4.3	0.0	0.0	1.11	0.0	0.0	0.0	0.36	0.0	0.65	0.0	0.84	0.11	44.38	BayesPrism
SRR13990633	0.0	0.0	0.0	0.0	0.0	1.38	20.33	0.0	43.68	0.0	0.0	0.0	0.0	0.0	0.0	1.1	1.38	0.0	0.01	0.2	0.0	0.0	0.0	0.03	0.0	5.16	0.01	0.22	0.03	26.43	BayesPrism
SRR13991096	0.01	0.0	2.99	0.01	0.0	0.01	8.43	0.0	32.33	0.04	0.01	0.01	0.44	0.0	0.0	0.87	6.96	0.0	0.0	1.88	0.0	0.0	0.0	0.66	0.0	0.02	0.0	0.59	0.15	44.57	BayesPrism
SRR13990825	0.0	0.02	12.59	0.01	0.22	0.01	0.18	0.0	23.71	0.02	0.0	0.0	0.02	0.0	0.0	0.66	11.65	0.0	0.0	1.93	0.0	0.0	0.0	0.39	0.0	0.17	0.01	1.51	0.0	46.87	BayesPrism
SRR13991069	8.99	0.01	4.68	0.01	0.0	0.0	0.45	0.0	28.74	0.28	0.01	0.01	0.02	0.0	0.0	0.8	0.37	0.0	0.01	0.01	0.0	0.04	0.0	0.87	0.0	0.0	0.0	0.82	1.23	52.64	BayesPrism
SRR13991025	0.92	0.01	0.01	0.0	0.0	0.03	15.11	0.0	34.88	0.0	0.0	0.0	0.01	0.0	0.0	1.69	2.69	0.0	0.0	0.74	0.0	0.03	0.01	0.05	0.0	3.48	0.0	0.22	0.0	40.1	BayesPrism
SRR13991024	28.74	0.0	0.0	0.0	0.0	0.0	0.0	0.0	7.91	0.0	0.0	0.0	0.0	0.0	0.0	0.2	0.0	0.0	0.0	0.0	0.0	0.0	0.0	0.0	0.0	0.0	0.0	0.0	0.0	63.11	BayesPrism
SRR13990663	0.49	0.0	1.58	0.04	1.27	0.34	7.62	0.0	34.88	0.37	0.06	0.01	0.0	0.01	0.0	0.78	6.2	0.0	0.0	0.78	0.0	0.0	0.0	0.32	0.0	0.06	0.0	0.94	1.51	42.72	BayesPrism
SRR13991067	0.0	0.0	1.82	0.01	0.0	0.87	18.25	0.0	40.66	0.31	0.0	0.02	0.0	0.0	0.0	0.67	4.24	0.0	0.0	0.65	0.0	0.0	0.0	0.16	0.0	3.54	0.0	0.35	0.0	28.44	BayesPrism
SRR13990924	0.0	0.0	0.0	0.01	0.0	1.47	20.23	0.23	39.32	0.0	0.0	0.01	0.0	0.0	0.0	1.29	5.98	0.0	0.01	0.14	0.0	0.0	0.0	0.08	0.0	8.79	0.0	0.22	0.0	22.21	BayesPrism
SRR13990715	0.72	0.01	8.49	0.09	3.37	0.0	0.21	0.0	27.57	0.24	0.01	0.0	0.89	0.0	0.0	1.3	13.54	0.0	0.07	0.6	0.01	0.0	0.0	0.17	0.03	0.02	0.0	2.37	0.0	40.27	BayesPrism
SRR13991020	2.42	0.01	6.53	0.01	0.0	0.0	5.59	0.0	30.98	0.3	0.0	0.0	0.0	0.0	0.0	0.21	4.06	0.01	0.0	0.41	0.0	0.0	0.0	0.12	0.0	0.01	0.0	0.41	0.0	48.91	BayesPrism
SRR13990627	0.0	0.03	0.0	0.0	0.0	0.5	6.01	0.0	37.8	0.01	0.0	0.08	0.02	0.0	0.0	1.34	3.35	0.0	0.0	0.38	0.0	0.0	0.01	0.02	0.0	7.22	0.0	0.18	0.0	43.03	BayesPrism
SRR13990775	1.2	0.01	11.96	0.01	0.8	0.0	0.28	0.0	28.2	0.01	0.0	0.0	0.0	0.0	0.0	0.18	9.91	0.01	0.0	0.01	0.0	0.0	0.0	0.01	0.0	0.6	0.0	0.51	0.0	46.28	BayesPrism
SRR13990919	0.01	0.0	8.04	0.01	4.42	0.0	2.06	0.01	39.99	1.14	0.0	0.0	0.0	0.0	0.0	0.35	5.55	0.0	0.01	0.0	0.0	0.0	0.0	0.2	0.03	0.0	0.0	0.73	0.0	37.42	BayesPrism
SRR13990779	0.0	0.0	0.0	0.0	0.0	1.76	19.5	0.0	45.6	0.0	0.0	0.0	0.0	0.0	0.0	0.64	0.05	0.0	0.0	0.02	0.0	0.0	0.0	0.37	0.0	3.63	0.0	0.23	0.04	28.13	BayesPrism
SRR13991043	0.0	0.0	6.41	0.02	0.05	0.6	8.87	0.0	38.2	0.05	0.0	0.0	0.03	0.0	0.0	0.57	8.68	0.0	0.0	0.98	0.0	0.0	0.0	0.13	0.0	0.97	0.0	0.81	0.01	33.6	BayesPrism
SRR13991068	0.0	0.0	1.38	0.01	0.89	0.8	19.27	0.0	41.08	0.52	0.0	0.02	0.0	0.0	0.0	0.66	3.39	0.0	0.0	0.08	0.0	0.0	0.0	0.14	0.0	4.04	0.0	0.31	0.0	27.4	BayesPrism
SRR13990927	0.0	0.0	0.0	0.0	0.0	1.93	15.16	0.01	39.68	0.0	0.0	0.0	0.0	0.0	0.0	3.61	1.3	0.0	0.01	0.28	0.0	0.0	0.0	0.06	0.0	6.62	0.0	0.27	0.0	31.06	BayesPrism
SRR13990638	0.0	0.0	0.0	0.0	0.0	1.39	13.7	0.0	39.92	0.0	0.08	0.0	0.0	0.0	0.0	0.21	0.0	0.0	0.02	0.53	0.0	0.0	0.0	0.31	0.02	3.79	0.0	0.55	3.18	36.29	BayesPrism
SRR13991052	0.0	0.0	0.01	0.0	0.0	2.54	18.85	0.0	38.98	0.0	0.0	0.0	0.0	0.0	0.0	0.33	6.13	0.0	0.0	3.89	0.0	0.0	0.0	0.4	0.0	2.0	0.0	0.38	0.03	26.44	BayesPrism
SRR13990998	0.0	0.0	1.56	0.01	2.09	0.17	12.97	0.0	37.06	0.01	0.15	0.06	0.0	0.0	0.0	1.11	7.54	0.0	0.0	0.79	0.0	0.0	0.0	0.16	0.02	2.79	0.0	0.19	0.01	33.27	BayesPrism
SRR13991066	0.0	0.0	3.44	0.0	0.01	0.1	7.96	0.0	36.69	0.0	0.0	0.0	0.0	0.0	0.0	0.11	4.63	0.0	0.0	1.09	0.0	0.02	0.01	0.21	0.0	1.94	0.0	0.85	0.0	42.91	BayesPrism
SRR13990957	0.0	0.0	0.0	0.0	0.0	2.74	19.26	0.0	44.69	0.0	0.02	0.0	0.0	0.0	0.0	0.5	0.65	0.0	0.03	0.67	0.0	0.0	0.0	0.21	0.0	3.53	0.0	0.71	3.85	23.11	BayesPrism
SRR13990720	5.29	0.0	2.62	0.07	0.75	0.0	3.37	0.0	33.77	0.33	0.0	0.04	0.01	0.01	0.0	0.33	6.5	0.0	0.02	0.92	0.0	0.0	0.0	0.03	0.03	0.46	0.0	0.79	0.0	44.63	BayesPrism
SRR13990961	0.0	0.0	0.0	0.0	0.0	1.06	19.75	0.0	39.54	0.0	0.0	0.0	0.0	0.0	0.0	0.66	2.42	0.0	0.0	0.29	0.0	0.0	0.0	0.13	0.01	3.58	0.0	0.19	0.0	32.32	BayesPrism
SRR13990786	0.01	0.0	7.82	0.03	0.0	0.0	1.58	0.0	30.53	0.03	0.0	0.0	0.0	0.0	0.0	0.27	16.23	0.0	0.0	2.54	0.0	0.0	0.0	0.02	0.0	0.66	0.0	0.76	0.0	39.49	BayesPrism
SRR13991094	0.0	0.0	4.09	0.01	0.0	0.03	5.55	0.0	32.67	0.01	0.01	0.0	0.4	0.0	0.0	0.82	8.44	0.0	0.0	2.5	0.0	0.0	0.0	0.78	0.0	0.01	0.0	0.76	0.08	43.83	BayesPrism
SRR13990893	0.0	0.0	10.47	0.01	1.71	0.0	0.03	0.0	28.07	0.13	0.0	0.0	0.0	0.0	0.0	0.35	10.77	0.0	0.0	2.05	0.0	0.0	0.0	0.3	0.01	0.01	0.0	1.66	0.0	44.39	BayesPrism
SRR13991063	0.0	0.0	0.0	0.0	0.0	4.02	17.83	0.0	41.58	0.0	0.0	0.0	0.0	0.0	0.0	0.37	4.79	0.0	0.0	2.72	0.0	0.0	0.0	0.35	0.0	0.17	0.0	0.43	0.07	27.65	BayesPrism
SRR13990908	0.0	0.0	0.0	0.0	0.0	2.17	18.81	0.01	39.85	0.0	0.0	0.0	0.0	0.0	0.0	1.43	1.4	0.0	0.0	0.2	0.0	0.0	0.0	0.44	0.0	2.39	0.0	0.24	0.0	33.02	BayesPrism
SRR13990699	0.02	0.0	0.0	0.01	0.0	0.92	16.52	0.0	36.67	0.0	0.0	0.0	0.0	0.0	0.0	0.22	2.75	0.0	0.0	1.03	0.0	0.02	0.01	0.35	0.0	7.5	0.0	0.47	0.01	33.5	BayesPrism
SRR13990628	0.0	0.05	0.0	0.01	0.0	0.5	5.35	0.01	38.55	0.0	0.0	0.15	0.16	0.02	0.01	1.43	2.68	0.03	0.09	0.54	0.01	0.44	0.49	0.18	0.21	5.86	0.04	2.2	0.07	40.91	BayesPrism
SRR13990989	0.0	0.0	0.01	0.0	0.0	2.27	17.89	0.0	37.15	0.0	0.0	0.0	0.01	0.0	0.0	1.0	6.0	0.0	0.02	1.68	0.0	0.0	0.0	0.21	0.0	2.33	0.0	0.23	0.43	30.76	BayesPrism
SRR13990864	0.0	0.0	0.0	0.0	0.15	3.81	17.77	0.0	44.66	0.0	0.0	0.0	0.0	0.0	0.0	0.61	2.93	0.0	0.0	0.03	0.0	0.0	0.0	0.07	0.0	1.81	0.0	0.33	0.24	27.58	BayesPrism
SRR13990784	0.0	0.0	1.91	0.01	0.0	0.17	15.31	0.0	40.74	0.01	0.0	0.01	0.0	0.0	0.0	0.37	3.93	0.02	0.0	0.55	0.0	0.0	0.0	0.31	0.01	1.27	0.0	0.56	0.69	34.11	BayesPrism
SRR13991012	0.18	0.0	0.1	0.01	0.0	0.07	16.81	0.0	38.71	0.01	0.0	0.01	0.01	0.0	0.0	0.42	2.09	0.01	0.0	0.68	0.0	0.02	0.01	0.18	0.0	4.43	0.0	0.43	0.01	35.79	BayesPrism
SRR13990829	0.0	0.09	0.0	0.01	0.01	1.26	10.7	0.26	35.69	0.0	0.0	0.0	0.52	0.08	0.33	0.46	0.6	0.16	0.54	2.23	0.02	3.65	3.96	0.96	1.5	11.3	0.18	7.49	0.41	17.58	BayesPrism
SRR13990987	0.52	0.0	1.82	0.01	0.01	0.01	13.95	0.0	35.64	0.01	0.0	0.0	0.0	0.0	0.0	0.9	5.4	0.0	0.0	0.98	0.0	0.0	0.01	0.35	0.0	0.69	0.0	0.86	0.01	38.83	BayesPrism
SRR13990988	0.61	0.0	1.98	0.0	0.0	0.07	13.08	0.0	38.1	0.01	0.0	0.0	0.01	0.0	0.0	0.99	4.75	0.0	0.0	0.37	0.0	0.0	0.01	0.4	0.0	0.65	0.0	0.47	0.1	38.38	BayesPrism
SRR13990939	0.0	0.0	0.0	0.0	3.72	1.05	11.03	0.01	44.06	0.0	0.01	0.0	0.0	0.0	0.0	2.44	0.55	0.0	0.0	0.01	0.0	0.0	0.0	0.29	0.0	0.01	0.0	0.18	0.11	36.51	BayesPrism
SRR13990865	0.0	0.0	0.0	0.0	0.21	2.97	17.68	0.0	44.05	0.0	0.0	0.0	0.0	0.0	0.0	0.57	3.92	0.0	0.0	0.38	0.0	0.0	0.0	0.14	0.0	2.34	0.0	0.17	0.09	27.43	BayesPrism
SRR13990777	0.0	0.0	0.0	0.0	0.0	1.64	20.04	0.0	44.61	0.0	0.0	0.0	0.0	0.0	0.0	0.73	0.55	0.0	0.01	0.09	0.0	0.0	0.01	0.39	0.0	5.34	0.0	0.56	0.0	26.0	BayesPrism
SRR13991010	0.0	0.0	0.0	0.01	0.0	1.73	13.24	0.0	39.01	0.0	0.0	0.0	0.0	0.0	0.0	0.22	2.36	0.01	0.0	1.61	0.0	0.01	0.0	0.04	0.0	6.34	0.0	0.22	0.01	35.16	BayesPrism
SRR13990766	0.0	0.0	0.0	0.0	0.0	1.49	19.67	0.0	47.68	0.0	0.0	0.0	0.0	0.0	0.0	0.53	2.38	0.0	0.01	0.52	0.0	0.01	0.0	0.12	0.0	4.86	0.0	0.43	0.01	22.25	BayesPrism
SRR13990902	0.0	0.06	5.04	1.25	3.13	0.01	5.04	0.18	26.57	0.68	0.22	0.01	0.01	0.0	0.02	0.91	7.27	0.01	0.03	1.06	0.0	0.12	0.0	0.26	0.03	4.28	0.01	1.22	0.0	42.57	BayesPrism
SRR13990650	0.0	0.01	0.01	0.01	0.05	0.21	9.72	0.01	34.09	0.01	0.0	0.68	0.08	0.04	0.07	0.58	3.52	0.07	0.22	1.7	0.01	0.94	0.76	0.7	0.62	1.58	0.09	6.85	0.29	37.09	BayesPrism
SRR13990716	1.05	0.0	6.93	0.14	10.06	0.0	0.02	0.0	26.26	0.45	0.04	0.0	0.94	0.01	0.0	1.2	10.85	0.0	0.02	0.01	0.0	0.0	0.0	0.09	0.01	0.02	0.0	1.71	0.0	40.2	BayesPrism
SRR13990674	0.01	0.0	2.91	0.01	1.05	0.33	15.82	0.0	37.74	0.01	0.0	0.01	0.0	0.0	0.0	0.45	2.34	0.0	0.0	0.41	0.0	0.0	0.0	0.43	0.0	0.72	0.0	0.62	0.01	37.13	BayesPrism
SRR13990787	0.01	0.0	7.5	0.02	0.0	0.01	2.41	0.0	32.42	0.03	0.0	0.0	0.0	0.0	0.0	0.38	15.87	0.0	0.0	1.97	0.0	0.0	0.0	0.01	0.0	0.68	0.0	0.58	0.0	38.11	BayesPrism
SRR13991013	0.54	0.0	0.12	0.0	0.0	0.01	16.14	0.0	38.99	0.01	0.0	0.01	0.0	0.0	0.02	0.4	2.23	0.0	0.0	0.96	0.0	0.0	0.01	0.21	0.0	4.74	0.0	0.42	0.0	35.17	BayesPrism
SRR13990755	0.0	0.0	0.0	0.0	0.0	0.45	16.53	0.0	36.13	0.0	0.0	0.0	0.04	0.0	0.0	0.99	4.12	0.0	0.0	0.27	0.0	0.01	0.0	0.06	0.0	4.59	0.0	0.41	0.01	36.36	BayesPrism
SRR13990849	0.0	0.0	0.0	0.0	0.0	0.56	16.7	0.0	38.51	0.0	0.0	0.0	0.0	0.0	0.0	0.47	0.5	0.0	0.01	0.61	0.0	0.0	0.0	0.98	0.0	0.62	0.0	0.7	0.01	40.3	BayesPrism
SRR13990672	0.0	0.0	0.69	0.01	0.0	0.42	16.01	0.0	39.96	0.02	0.0	0.0	0.0	0.0	0.01	0.46	3.71	0.0	0.01	1.68	0.0	0.0	0.0	0.18	0.0	2.19	0.0	0.98	0.29	33.34	BayesPrism
SRR13990910	0.01	0.0	5.43	0.04	1.14	0.03	8.4	0.03	26.89	0.01	0.03	0.0	0.01	0.01	0.0	2.61	11.28	0.01	0.03	2.34	0.0	0.01	0.0	0.24	0.01	0.37	0.01	1.14	0.04	39.89	BayesPrism
SRR13990651	0.0	0.01	0.01	0.13	0.01	0.15	8.95	0.01	35.69	0.02	0.0	0.88	0.19	0.01	0.05	0.53	3.27	0.01	0.24	2.12	0.01	0.83	0.68	0.52	0.51	2.75	0.03	6.28	0.23	35.91	BayesPrism
SRR13990706	0.01	0.0	10.93	0.03	0.03	0.02	0.73	0.01	27.33	0.16	0.01	0.0	0.0	0.0	0.0	1.13	10.95	0.0	0.0	3.4	0.0	0.0	0.0	0.04	0.0	0.31	0.0	1.32	0.0	43.55	BayesPrism
SRR13991037	0.0	0.0	0.0	0.0	0.0	0.96	16.5	0.0	46.83	0.0	0.0	0.0	0.0	0.0	0.0	0.36	0.73	0.0	0.0	0.05	0.0	0.0	0.01	0.27	0.0	0.92	0.0	0.45	0.01	32.9	BayesPrism
SRR13990751	0.0	0.0	0.03	0.0	0.0	1.96	19.16	0.0	36.64	0.01	0.0	0.0	0.0	0.0	0.0	0.55	3.55	0.0	0.01	0.82	0.0	0.0	0.0	0.09	0.0	2.26	0.0	0.73	0.02	34.13	BayesPrism
SRR13990834	0.0	0.0	0.01	0.0	0.0	1.11	20.61	0.01	41.2	0.0	0.0	0.0	0.0	0.0	0.0	0.26	3.11	0.0	0.0	1.93	0.0	0.0	0.01	0.14	0.0	2.84	0.0	0.22	0.01	28.52	BayesPrism
SRR13990918	0.0	0.0	7.77	0.01	3.76	0.0	1.77	0.01	39.6	1.74	0.03	0.0	0.0	0.0	0.0	0.29	5.19	0.0	0.0	0.0	0.0	0.0	0.01	0.17	0.0	0.01	0.0	0.67	0.0	38.95	BayesPrism
SRR13990803	1.67	0.0	0.0	0.0	0.0	0.34	14.69	0.0	43.35	0.0	0.0	0.0	0.0	0.0	0.0	0.61	0.82	0.0	0.0	0.17	0.0	0.0	0.0	0.33	0.0	4.15	0.0	0.05	0.0	33.78	BayesPrism
SRR13990941	0.01	0.0	1.47	0.01	0.09	0.4	13.36	0.0	42.58	0.26	0.0	0.01	0.01	0.0	0.01	0.42	2.88	0.01	0.01	0.4	0.0	0.02	0.0	0.23	0.01	1.97	0.0	0.45	0.01	35.38	BayesPrism
SRR13990782	0.0	0.0	0.93	0.0	0.0	0.91	17.65	0.0	37.58	0.01	0.0	0.0	0.0	0.0	0.0	0.66	4.23	0.0	0.0	1.66	0.0	0.0	0.0	0.28	0.0	0.77	0.0	0.77	0.18	34.34	BayesPrism
SRR13990785	0.0	0.0	2.17	0.0	0.06	0.65	15.21	0.0	40.2	0.01	0.0	0.0	0.0	0.02	0.0	0.35	3.07	0.0	0.0	0.71	0.0	0.0	0.0	0.28	0.01	1.17	0.01	0.55	0.45	35.05	BayesPrism
SRR13990830	0.0	0.0	0.0	0.0	0.0	3.61	16.61	0.01	43.45	0.0	0.0	0.0	0.01	0.0	0.02	0.45	2.15	0.01	0.04	0.59	0.0	0.02	0.0	0.12	0.01	10.41	0.0	0.31	0.0	22.17	BayesPrism
SRR13990984	0.0	0.0	0.0	0.0	0.0	2.86	21.19	0.0	45.39	0.0	0.0	0.0	0.0	0.0	0.0	0.6	0.01	0.02	0.01	0.03	0.0	0.0	0.0	0.21	0.0	3.22	0.0	0.45	3.03	22.95	BayesPrism
SRR13990857	0.0	0.0	0.07	0.01	0.16	0.1	11.37	0.0	45.13	0.02	0.01	0.03	0.0	0.0	0.0	0.24	3.16	0.0	0.0	2.02	0.0	0.0	0.0	0.16	0.0	2.34	0.0	0.43	4.34	30.38	BayesPrism
SRR13990707	0.01	0.01	10.4	0.02	0.09	0.11	3.14	0.02	26.55	0.13	0.02	0.0	0.0	0.0	0.0	1.49	10.08	0.0	0.0	2.1	0.0	0.0	0.0	0.19	0.01	0.4	0.0	1.09	0.0	44.12	BayesPrism
SRR13990727	12.15	0.04	0.01	0.32	0.01	0.0	3.83	0.0	24.03	0.01	0.0	0.06	0.09	0.01	0.04	0.17	0.01	0.07	0.12	0.02	0.01	0.76	0.31	0.42	0.28	0.01	0.02	2.91	0.03	54.25	BayesPrism
SRR13990895	0.01	0.0	3.38	0.01	0.01	0.22	10.36	0.0	37.35	0.05	0.0	0.01	0.01	0.0	0.01	0.16	7.13	0.0	0.01	1.95	0.0	0.01	0.0	0.31	0.01	0.51	0.01	0.91	0.01	37.54	BayesPrism
SRR13990962	0.0	0.0	0.0	0.0	0.0	1.38	19.77	0.0	41.63	0.0	0.0	0.0	0.0	0.0	0.0	0.66	2.07	0.0	0.0	0.13	0.0	0.0	0.01	0.07	0.0	3.08	0.0	0.21	0.01	30.94	BayesPrism
SRR13990802	3.19	0.0	0.0	0.01	0.0	0.01	13.94	0.0	40.64	0.0	0.0	0.0	0.0	0.0	0.0	0.66	1.13	0.0	0.0	0.27	0.0	0.0	0.01	0.3	0.0	7.52	0.0	0.06	0.0	32.23	BayesPrism
SRR13990915	0.0	0.0	0.0	0.0	0.0	1.82	13.09	0.25	37.37	0.0	0.06	0.01	0.15	0.01	0.0	2.49	2.53	0.02	0.01	0.35	0.0	0.0	0.02	0.18	0.03	3.85	0.0	0.7	1.83	35.2	BayesPrism
SRR13991054	0.01	0.0	1.85	0.0	0.0	0.04	10.99	0.0	32.35	0.21	0.0	0.01	0.02	0.0	0.0	0.32	3.52	0.01	0.0	0.77	0.0	0.0	0.0	0.27	0.03	2.34	0.02	0.54	0.0	46.71	BayesPrism
SRR13990612	0.0	0.0	0.0	0.0	0.0	1.94	17.89	0.0	42.05	0.0	0.0	0.01	0.01	0.0	0.01	0.98	2.24	0.0	0.01	1.61	0.0	0.0	0.01	0.28	0.0	5.6	0.01	0.49	0.0	26.83	BayesPrism
SRR13990640	0.0	0.0	0.0	0.0	0.0	1.03	13.95	0.08	38.44	0.0	0.0	0.0	0.01	0.0	0.0	1.75	1.76	0.0	0.04	1.95	0.0	0.0	0.0	0.25	0.0	3.47	0.0	0.84	2.37	34.04	BayesPrism
SRR13990656	17.88	0.0	2.25	0.0	0.54	0.0	0.0	0.0	18.23	0.0	0.0	0.0	0.0	0.0	0.0	0.43	0.03	0.0	0.0	0.01	0.0	0.0	0.01	0.16	0.0	0.0	0.0	0.39	0.0	60.03	BayesPrism
